1,3/25/2026,0,12,1,2,0,-1,9
2,3/25/2026,0,11,2,2,0,-1,9
3,3/25/2026,0,13,3,2,0,-1,9
4,3/25/2026,0,6,4,2,0,-1,9
5,3/25/2026,0,5,9,2,0,-1,9
6,3/25/2026,0,15,7,2,0,-1,9
7,3/25/2026,0,16,8,2,0,-1,9
8,3/25/2026,0,14,10,2,0,-1,9
9,3/26/2026,0,12,1,2,0,-1,9
10,3/26/2026,0,11,2,2,0,-1,9
11,3/26/2026,0,13,3,2,0,-1,9
12,3/26/2026,0,6,4,2,0,-1,9
13,3/26/2026,0,5,9,2,0,-1,9
14,3/26/2026,0,15,7,2,0,-1,9
15,3/26/2026,0,16,8,2,0,-1,9
16,3/26/2026,0,14,10,2,0,-1,9
17,3/27/2026,0,12,1,2,0,-1,9
18,3/27/2026,0,11,2,2,0,-1,9
19,3/27/2026,0,13,3,2,0,-1,9
20,3/27/2026,0,6,4,2,0,-1,9
21,3/27/2026,0,5,9,2,0,-1,9
22,3/27/2026,0,15,7,2,0,-1,9
23,3/27/2026,0,16,8,2,0,-1,9
24,3/27/2026,0,14,10,2,0,-1,9
25,3/28/2026,0,2,1,2,0,-1,9
26,3/28/2026,0,4,3,2,0,-1,9
27,3/28/2026,0,15,5,2,0,-1,9
28,3/28/2026,0,6,13,2,0,-1,9
29,3/28/2026,0,9,7,2,0,-1,9
30,3/28/2026,0,8,10,2,0,-1,9
31,3/28/2026,0,12,11,2,0,-1,9
32,3/28/2026,0,16,14,2,0,-1,9
33,3/29/2026,0,1,12,2,0,-1,9
34,3/29/2026,0,2,11,2,0,-1,9
35,3/29/2026,0,3,13,2,0,-1,9
36,3/29/2026,0,4,6,2,0,-1,9
37,3/29/2026,0,7,15,2,0,-1,9
38,3/29/2026,0,8,16,2,0,-1,9
39,3/29/2026,0,10,14,2,0,-1,9
40,3/30/2026,0,1,12,2,0,-1,9
41,3/30/2026,0,2,11,2,0,-1,9
42,3/30/2026,0,3,13,2,0,-1,9
43,3/30/2026,0,4,6,2,0,-1,9
44,3/30/2026,0,9,5,2,0,-1,9
45,3/30/2026,0,7,15,2,0,-1,9
46,3/30/2026,0,8,16,2,0,-1,9
47,3/30/2026,0,10,14,2,0,-1,9
48,3/31/2026,0,1,12,2,0,-1,9
49,3/31/2026,0,2,11,2,0,-1,9
50,3/31/2026,0,3,13,2,0,-1,9
51,3/31/2026,0,4,6,2,0,-1,9
52,3/31/2026,0,9,5,2,0,-1,9
53,3/31/2026,0,7,15,2,0,-1,9
54,3/31/2026,0,8,16,2,0,-1,9
55,3/31/2026,0,10,14,2,0,-1,9
56,4/1/2026,0,14,1,2,0,-1,9
57,4/1/2026,0,15,4,2,0,-1,9
58,4/1/2026,0,13,7,2,0,-1,9
59,4/1/2026,0,12,8,2,0,-1,9
60,4/1/2026,0,11,10,2,0,-1,9
61,4/2/2026,0,14,1,2,0,-1,9
62,4/2/2026,0,16,2,2,0,-1,9
63,4/2/2026,0,5,3,2,0,-1,9
64,4/2/2026,0,15,4,2,0,-1,9
65,4/2/2026,0,6,9,2,0,-1,9
66,4/2/2026,0,13,7,2,0,-1,9
67,4/2/2026,0,12,8,2,0,-1,9
68,4/2/2026,0,11,10,2,0,-1,9
69,4/3/2026,0,14,1,2,0,-1,9
70,4/3/2026,0,16,2,2,0,-1,9
71,4/3/2026,0,5,3,2,0,-1,9
72,4/3/2026,0,15,4,2,0,-1,9
73,4/3/2026,0,6,9,2,0,-1,9
74,4/3/2026,0,13,7,2,0,-1,9
75,4/3/2026,0,12,8,2,0,-1,9
76,4/4/2026,0,5,1,2,0,-1,9
77,4/4/2026,0,15,2,2,0,-1,9
78,4/4/2026,0,16,3,2,0,-1,9
79,4/4/2026,0,14,4,2,0,-1,9
80,4/4/2026,0,6,10,2,0,-1,9
81,4/4/2026,0,11,7,2,0,-1,9
82,4/4/2026,0,13,8,2,0,-1,9
83,4/4/2026,0,12,9,2,0,-1,9
84,4/5/2026,0,5,1,2,0,-1,9
85,4/5/2026,0,15,2,2,0,-1,9
86,4/5/2026,0,16,3,2,0,-1,9
87,4/5/2026,0,14,4,2,0,-1,9
88,4/5/2026,0,6,10,2,0,-1,9
89,4/5/2026,0,11,7,2,0,-1,9
90,4/5/2026,0,13,8,2,0,-1,9
91,4/5/2026,0,12,9,2,0,-1,9
92,4/6/2026,0,1,4,2,0,-1,9
93,4/6/2026,0,3,2,2,0,-1,9
94,4/6/2026,0,5,16,2,0,-1,9
95,4/6/2026,0,11,6,2,0,-1,9
96,4/6/2026,0,7,8,2,0,-1,9
97,4/6/2026,0,10,9,2,0,-1,9
98,4/6/2026,0,13,12,2,0,-1,9
99,4/6/2026,0,14,15,2,0,-1,9
100,4/7/2026,0,1,4,2,0,-1,9
101,4/7/2026,0,3,2,2,0,-1,9
102,4/7/2026,0,5,16,2,0,-1,9
103,4/7/2026,0,11,6,2,0,-1,9
104,4/7/2026,0,7,8,2,0,-1,9
105,4/7/2026,0,10,9,2,0,-1,9
106,4/7/2026,0,13,12,2,0,-1,9
107,4/7/2026,0,14,15,2,0,-1,9
108,4/8/2026,0,1,4,2,0,-1,9
109,4/8/2026,0,3,2,2,0,-1,9
110,4/8/2026,0,5,16,2,0,-1,9
111,4/8/2026,0,11,6,2,0,-1,9
112,4/8/2026,0,7,8,2,0,-1,9
113,4/8/2026,0,10,9,2,0,-1,9
114,4/8/2026,0,13,12,2,0,-1,9
115,4/8/2026,0,14,15,2,0,-1,9
116,4/9/2026,0,3,13,2,0,-1,9
117,4/9/2026,0,9,5,2,0,-1,9
118,4/9/2026,0,10,14,2,0,-1,9
119,4/10/2026,0,1,12,2,0,-1,9
120,4/10/2026,0,2,11,2,0,-1,9
121,4/10/2026,0,3,13,2,0,-1,9
122,4/10/2026,0,4,6,2,0,-1,9
123,4/10/2026,0,9,5,2,0,-1,9
124,4/10/2026,0,7,15,2,0,-1,9
125,4/10/2026,0,8,16,2,0,-1,9
126,4/10/2026,0,10,14,2,0,-1,9
127,4/11/2026,0,1,12,2,0,-1,9
128,4/11/2026,0,2,11,2,0,-1,9
129,4/11/2026,0,4,6,2,0,-1,9
130,4/11/2026,0,9,5,2,0,-1,9
131,4/11/2026,0,7,15,2,0,-1,9
132,4/11/2026,0,8,16,2,0,-1,9
133,4/12/2026,0,7,1,2,0,-1,9
134,4/12/2026,0,9,2,2,0,-1,9
135,4/12/2026,0,10,3,2,0,-1,9
136,4/12/2026,0,8,4,2,0,-1,9
137,4/12/2026,0,11,5,2,0,-1,9
138,4/12/2026,0,6,16,2,0,-1,9
139,4/12/2026,0,12,15,2,0,-1,9
140,4/12/2026,0,13,14,2,0,-1,9
141,4/13/2026,0,7,1,2,0,-1,9
142,4/13/2026,0,9,2,2,0,-1,9
143,4/13/2026,0,10,3,2,0,-1,9
144,4/13/2026,0,8,4,2,0,-1,9
145,4/13/2026,0,11,5,2,0,-1,9
146,4/13/2026,0,6,16,2,0,-1,9
147,4/13/2026,0,12,15,2,0,-1,9
148,4/13/2026,0,13,14,2,0,-1,9
149,4/14/2026,0,3,1,2,0,-1,9
150,4/14/2026,0,4,2,2,0,-1,9
151,4/14/2026,0,5,14,2,0,-1,9
152,4/14/2026,0,12,6,2,0,-1,9
153,4/14/2026,0,10,7,2,0,-1,9
154,4/14/2026,0,8,9,2,0,-1,9
155,4/14/2026,0,11,13,2,0,-1,9
156,4/14/2026,0,15,16,2,0,-1,9
157,4/15/2026,0,3,1,2,0,-1,9
158,4/15/2026,0,4,2,2,0,-1,9
159,4/15/2026,0,5,14,2,0,-1,9
160,4/15/2026,0,12,6,2,0,-1,9
161,4/15/2026,0,10,7,2,0,-1,9
162,4/15/2026,0,8,9,2,0,-1,9
163,4/15/2026,0,11,13,2,0,-1,9
164,4/15/2026,0,15,16,2,0,-1,9
165,4/16/2026,0,3,1,2,0,-1,9
166,4/16/2026,0,4,2,2,0,-1,9
167,4/16/2026,0,5,14,2,0,-1,9
168,4/16/2026,0,12,6,2,0,-1,9
169,4/16/2026,0,10,7,2,0,-1,9
170,4/16/2026,0,8,9,2,0,-1,9
171,4/16/2026,0,11,13,2,0,-1,9
172,4/16/2026,0,15,16,2,0,-1,9
173,4/17/2026,0,6,1,2,0,-1,9
174,4/17/2026,0,13,2,2,0,-1,9
175,4/17/2026,0,11,4,2,0,-1,9
176,4/17/2026,0,5,8,2,0,-1,9
177,4/17/2026,0,16,7,2,0,-1,9
178,4/17/2026,0,15,10,2,0,-1,9
179,4/18/2026,0,6,1,2,0,-1,9
180,4/18/2026,0,13,2,2,0,-1,9
181,4/18/2026,0,12,3,2,0,-1,9
182,4/18/2026,0,11,4,2,0,-1,9
183,4/18/2026,0,5,8,2,0,-1,9
184,4/18/2026,0,16,7,2,0,-1,9
185,4/18/2026,0,14,9,2,0,-1,9
186,4/18/2026,0,15,10,2,0,-1,9
187,4/19/2026,0,6,1,2,0,-1,9
188,4/19/2026,0,12,3,2,0,-1,9
189,4/19/2026,0,11,4,2,0,-1,9
190,4/19/2026,0,5,8,2,0,-1,9
191,4/19/2026,0,14,9,2,0,-1,9
192,4/19/2026,0,15,10,2,0,-1,9
193,4/20/2026,0,13,1,2,0,-1,9
194,4/20/2026,0,6,2,2,0,-1,9
195,4/20/2026,0,11,3,2,0,-1,9
196,4/20/2026,0,12,4,2,0,-1,9
197,4/20/2026,0,5,10,2,0,-1,9
198,4/20/2026,0,14,7,2,0,-1,9
199,4/20/2026,0,15,8,2,0,-1,9
200,4/20/2026,0,16,9,2,0,-1,9
201,4/21/2026,0,13,1,2,0,-1,9
202,4/21/2026,0,6,2,2,0,-1,9
203,4/21/2026,0,11,3,2,0,-1,9
204,4/21/2026,0,12,4,2,0,-1,9
205,4/21/2026,0,5,10,2,0,-1,9
206,4/21/2026,0,14,7,2,0,-1,9
207,4/21/2026,0,15,8,2,0,-1,9
208,4/21/2026,0,16,9,2,0,-1,9
209,4/22/2026,0,6,2,2,0,-1,9
210,4/22/2026,0,11,3,2,0,-1,9
211,4/22/2026,0,12,4,2,0,-1,9
212,4/22/2026,0,5,10,2,0,-1,9
213,4/22/2026,0,14,7,2,0,-1,9
214,4/22/2026,0,15,8,2,0,-1,9
215,4/22/2026,0,16,9,2,0,-1,9
216,4/23/2026,0,10,1,2,0,-1,9
217,4/23/2026,0,8,2,2,0,-1,9
218,4/23/2026,0,9,3,2,0,-1,9
219,4/23/2026,0,7,4,2,0,-1,9
220,4/23/2026,0,11,14,2,0,-1,9
221,4/23/2026,0,13,15,2,0,-1,9
222,4/24/2026,0,10,1,2,0,-1,9
223,4/24/2026,0,8,2,2,0,-1,9
224,4/24/2026,0,9,3,2,0,-1,9
225,4/24/2026,0,7,4,2,0,-1,9
226,4/24/2026,0,6,5,2,0,-1,9
227,4/24/2026,0,11,14,2,0,-1,9
228,4/24/2026,0,12,16,2,0,-1,9
229,4/24/2026,0,13,15,2,0,-1,9
230,4/25/2026,0,10,1,2,0,-1,9
231,4/25/2026,0,8,2,2,0,-1,9
232,4/25/2026,0,7,4,2,0,-1,9
233,4/25/2026,0,6,5,2,0,-1,9
234,4/25/2026,0,11,14,2,0,-1,9
235,4/25/2026,0,12,16,2,0,-1,9
236,4/25/2026,0,13,15,2,0,-1,9
237,4/26/2026,0,1,3,2,0,-1,9
238,4/26/2026,0,2,4,2,0,-1,9
239,4/26/2026,0,14,5,2,0,-1,9
240,4/26/2026,0,13,11,2,0,-1,9
241,4/26/2026,0,16,15,2,0,-1,9
242,4/27/2026,0,2,4,2,0,-1,9
243,4/27/2026,0,14,5,2,0,-1,9
244,4/27/2026,0,6,12,2,0,-1,9
245,4/27/2026,0,7,10,2,0,-1,9
246,4/27/2026,0,9,8,2,0,-1,9
247,4/27/2026,0,13,11,2,0,-1,9
248,4/27/2026,0,16,15,2,0,-1,9
249,4/28/2026,0,1,3,2,0,-1,9
250,4/28/2026,0,2,4,2,0,-1,9
251,4/28/2026,0,14,5,2,0,-1,9
252,4/28/2026,0,6,12,2,0,-1,9
253,4/28/2026,0,7,10,2,0,-1,9
254,4/28/2026,0,9,8,2,0,-1,9
255,4/28/2026,0,13,11,2,0,-1,9
256,4/28/2026,0,16,15,2,0,-1,9
257,4/29/2026,0,1,3,2,0,-1,9
258,4/29/2026,0,2,4,2,0,-1,9
259,4/29/2026,0,14,5,2,0,-1,9
260,4/29/2026,0,6,12,2,0,-1,9
261,4/29/2026,0,7,10,2,0,-1,9
262,4/29/2026,0,9,8,2,0,-1,9
263,4/29/2026,0,13,11,2,0,-1,9
264,4/29/2026,0,16,15,2,0,-1,9
265,4/30/2026,0,1,3,2,0,-1,9
266,4/30/2026,0,14,5,2,0,-1,9
267,4/30/2026,0,6,12,2,0,-1,9
268,4/30/2026,0,7,10,2,0,-1,9
269,4/30/2026,0,9,8,2,0,-1,9
270,4/30/2026,0,13,11,2,0,-1,9
271,4/30/2026,0,16,15,2,0,-1,9
272,5/1/2026,0,9,1,2,0,-1,9
273,5/1/2026,0,7,2,2,0,-1,9
274,5/1/2026,0,8,3,2,0,-1,9
275,5/1/2026,0,10,4,2,0,-1,9
276,5/1/2026,0,12,5,2,0,-1,9
277,5/1/2026,0,6,14,2,0,-1,9
278,5/1/2026,0,11,15,2,0,-1,9
279,5/1/2026,0,13,16,2,0,-1,9
280,5/2/2026,0,9,1,2,0,-1,9
281,5/2/2026,0,7,2,2,0,-1,9
282,5/2/2026,0,8,3,2,0,-1,9
283,5/2/2026,0,10,4,2,0,-1,9
284,5/2/2026,0,12,5,2,0,-1,9
285,5/2/2026,0,6,14,2,0,-1,9
286,5/2/2026,0,11,15,2,0,-1,9
287,5/2/2026,0,13,16,2,0,-1,9
288,5/3/2026,0,9,1,2,0,-1,9
289,5/3/2026,0,7,2,2,0,-1,9
290,5/3/2026,0,8,3,2,0,-1,9
291,5/3/2026,0,10,4,2,0,-1,9
292,5/3/2026,0,12,5,2,0,-1,9
293,5/3/2026,0,6,14,2,0,-1,9
294,5/3/2026,0,11,15,2,0,-1,9
295,5/3/2026,0,13,16,2,0,-1,9
296,5/4/2026,0,2,5,2,0,-1,9
297,5/4/2026,0,4,16,2,0,-1,9
298,5/4/2026,0,8,6,2,0,-1,9
299,5/4/2026,0,10,13,2,0,-1,9
300,5/5/2026,0,1,15,2,0,-1,9
301,5/5/2026,0,2,5,2,0,-1,9
302,5/5/2026,0,3,14,2,0,-1,9
303,5/5/2026,0,4,16,2,0,-1,9
304,5/5/2026,0,8,6,2,0,-1,9
305,5/5/2026,0,7,12,2,0,-1,9
306,5/5/2026,0,9,11,2,0,-1,9
307,5/5/2026,0,10,13,2,0,-1,9
308,5/6/2026,0,1,15,2,0,-1,9
309,5/6/2026,0,2,5,2,0,-1,9
310,5/6/2026,0,3,14,2,0,-1,9
311,5/6/2026,0,4,16,2,0,-1,9
312,5/6/2026,0,8,6,2,0,-1,9
313,5/6/2026,0,7,12,2,0,-1,9
314,5/6/2026,0,9,11,2,0,-1,9
315,5/7/2026,0,1,9,2,0,-1,9
316,5/7/2026,0,2,7,2,0,-1,9
317,5/7/2026,0,3,8,2,0,-1,9
318,5/7/2026,0,4,10,2,0,-1,9
319,5/7/2026,0,15,11,2,0,-1,9
320,5/7/2026,0,16,13,2,0,-1,9
321,5/8/2026,0,1,9,2,0,-1,9
322,5/8/2026,0,2,7,2,0,-1,9
323,5/8/2026,0,3,8,2,0,-1,9
324,5/8/2026,0,4,10,2,0,-1,9
325,5/8/2026,0,5,12,2,0,-1,9
326,5/8/2026,0,14,6,2,0,-1,9
327,5/8/2026,0,15,11,2,0,-1,9
328,5/8/2026,0,16,13,2,0,-1,9
329,5/9/2026,0,1,9,2,0,-1,9
330,5/9/2026,0,4,10,2,0,-1,9
331,5/9/2026,0,5,12,2,0,-1,9
332,5/9/2026,0,14,6,2,0,-1,9
333,5/9/2026,0,15,11,2,0,-1,9
334,5/10/2026,0,9,3,2,0,-1,9
335,5/10/2026,0,7,4,2,0,-1,9
336,5/10/2026,0,6,5,2,0,-1,9
337,5/10/2026,0,12,16,2,0,-1,9
338,5/11/2026,0,10,1,2,0,-1,9
339,5/11/2026,0,8,2,2,0,-1,9
340,5/11/2026,0,9,3,2,0,-1,9
341,5/11/2026,0,7,4,2,0,-1,9
342,5/11/2026,0,6,5,2,0,-1,9
343,5/11/2026,0,11,14,2,0,-1,9
344,5/11/2026,0,12,16,2,0,-1,9
345,5/11/2026,0,13,15,2,0,-1,9
346,5/12/2026,0,10,1,2,0,-1,9
347,5/12/2026,0,8,2,2,0,-1,9
348,5/12/2026,0,9,3,2,0,-1,9
349,5/12/2026,0,6,5,2,0,-1,9
350,5/12/2026,0,11,14,2,0,-1,9
351,5/12/2026,0,12,16,2,0,-1,9
352,5/12/2026,0,13,15,2,0,-1,9
353,5/13/2026,0,2,1,2,0,-1,9
354,5/13/2026,0,4,3,2,0,-1,9
355,5/13/2026,0,15,5,2,0,-1,9
356,5/13/2026,0,6,13,2,0,-1,9
357,5/13/2026,0,9,7,2,0,-1,9
358,5/13/2026,0,8,10,2,0,-1,9
359,5/13/2026,0,12,11,2,0,-1,9
360,5/13/2026,0,16,14,2,0,-1,9
361,5/14/2026,0,2,1,2,0,-1,9
362,5/14/2026,0,4,3,2,0,-1,9
363,5/14/2026,0,15,5,2,0,-1,9
364,5/14/2026,0,6,13,2,0,-1,9
365,5/14/2026,0,9,7,2,0,-1,9
366,5/14/2026,0,8,10,2,0,-1,9
367,5/14/2026,0,12,11,2,0,-1,9
368,5/14/2026,0,16,14,2,0,-1,9
369,5/15/2026,0,2,1,2,0,-1,9
370,5/15/2026,0,4,3,2,0,-1,9
371,5/15/2026,0,15,5,2,0,-1,9
372,5/15/2026,0,6,13,2,0,-1,9
373,5/15/2026,0,9,7,2,0,-1,9
374,5/15/2026,0,8,10,2,0,-1,9
375,5/15/2026,0,12,11,2,0,-1,9
376,5/15/2026,0,16,14,2,0,-1,9
377,5/16/2026,0,3,1,2,0,-1,9
378,5/16/2026,0,4,2,2,0,-1,9
379,5/16/2026,0,5,14,2,0,-1,9
380,5/16/2026,0,12,6,2,0,-1,9
381,5/16/2026,0,10,7,2,0,-1,9
382,5/16/2026,0,8,9,2,0,-1,9
383,5/16/2026,0,11,13,2,0,-1,9
384,5/16/2026,0,15,16,2,0,-1,9
385,5/17/2026,0,12,1,2,0,-1,9
386,5/17/2026,0,11,2,2,0,-1,9
387,5/17/2026,0,13,3,2,0,-1,9
388,5/17/2026,0,6,4,2,0,-1,9
389,5/17/2026,0,5,9,2,0,-1,9
390,5/17/2026,0,15,7,2,0,-1,9
391,5/17/2026,0,16,8,2,0,-1,9
392,5/17/2026,0,14,10,2,0,-1,9
393,5/18/2026,0,12,1,2,0,-1,9
394,5/18/2026,0,11,2,2,0,-1,9
395,5/18/2026,0,13,3,2,0,-1,9
396,5/18/2026,0,6,4,2,0,-1,9
397,5/18/2026,0,5,9,2,0,-1,9
398,5/18/2026,0,15,7,2,0,-1,9
399,5/18/2026,0,16,8,2,0,-1,9
400,5/18/2026,0,14,10,2,0,-1,9
401,5/19/2026,0,1,16,2,0,-1,9
402,5/19/2026,0,2,14,2,0,-1,9
403,5/19/2026,0,3,15,2,0,-1,9
404,5/19/2026,0,4,5,2,0,-1,9
405,5/19/2026,0,7,6,2,0,-1,9
406,5/19/2026,0,8,11,2,0,-1,9
407,5/19/2026,0,9,13,2,0,-1,9
408,5/19/2026,0,10,12,2,0,-1,9
409,5/20/2026,0,1,16,2,0,-1,9
410,5/20/2026,0,2,14,2,0,-1,9
411,5/20/2026,0,3,15,2,0,-1,9
412,5/20/2026,0,4,5,2,0,-1,9
413,5/20/2026,0,7,6,2,0,-1,9
414,5/20/2026,0,8,11,2,0,-1,9
415,5/20/2026,0,9,13,2,0,-1,9
416,5/20/2026,0,10,12,2,0,-1,9
417,5/21/2026,0,1,16,2,0,-1,9
418,5/21/2026,0,2,14,2,0,-1,9
419,5/21/2026,0,3,15,2,0,-1,9
420,5/21/2026,0,4,5,2,0,-1,9
421,5/21/2026,0,7,6,2,0,-1,9
422,5/21/2026,0,8,11,2,0,-1,9
423,5/21/2026,0,9,13,2,0,-1,9
424,5/21/2026,0,10,12,2,0,-1,9
425,5/22/2026,0,1,6,2,0,-1,9
426,5/22/2026,0,2,13,2,0,-1,9
427,5/22/2026,0,3,12,2,0,-1,9
428,5/22/2026,0,4,11,2,0,-1,9
429,5/22/2026,0,8,5,2,0,-1,9
430,5/22/2026,0,7,16,2,0,-1,9
431,5/22/2026,0,9,14,2,0,-1,9
432,5/22/2026,0,10,15,2,0,-1,9
433,5/23/2026,0,1,6,2,0,-1,9
434,5/23/2026,0,2,13,2,0,-1,9
435,5/23/2026,0,3,12,2,0,-1,9
436,5/23/2026,0,4,11,2,0,-1,9
437,5/23/2026,0,8,5,2,0,-1,9
438,5/23/2026,0,7,16,2,0,-1,9
439,5/23/2026,0,9,14,2,0,-1,9
440,5/23/2026,0,10,15,2,0,-1,9
441,5/24/2026,0,16,2,2,0,-1,9
442,5/24/2026,0,5,3,2,0,-1,9
443,5/24/2026,0,15,4,2,0,-1,9
444,5/24/2026,0,6,9,2,0,-1,9
445,5/24/2026,0,11,10,2,0,-1,9
446,5/25/2026,0,14,1,2,0,-1,9
447,5/25/2026,0,16,2,2,0,-1,9
448,5/25/2026,0,5,3,2,0,-1,9
449,5/25/2026,0,15,4,2,0,-1,9
450,5/25/2026,0,6,9,2,0,-1,9
451,5/25/2026,0,13,7,2,0,-1,9
452,5/25/2026,0,12,8,2,0,-1,9
453,5/25/2026,0,11,10,2,0,-1,9
454,5/26/2026,0,14,1,2,0,-1,9
455,5/26/2026,0,16,2,2,0,-1,9
456,5/26/2026,0,5,3,2,0,-1,9
457,5/26/2026,0,6,9,2,0,-1,9
458,5/26/2026,0,13,7,2,0,-1,9
459,5/26/2026,0,12,8,2,0,-1,9
460,5/26/2026,0,11,10,2,0,-1,9
461,5/27/2026,0,1,11,2,0,-1,9
462,5/27/2026,0,2,12,2,0,-1,9
463,5/27/2026,0,7,5,2,0,-1,9
464,5/27/2026,0,8,14,2,0,-1,9
465,5/27/2026,0,9,15,2,0,-1,9
466,5/28/2026,0,1,11,2,0,-1,9
467,5/28/2026,0,2,12,2,0,-1,9
468,5/28/2026,0,3,6,2,0,-1,9
469,5/28/2026,0,4,13,2,0,-1,9
470,5/28/2026,0,7,5,2,0,-1,9
471,5/28/2026,0,8,14,2,0,-1,9
472,5/28/2026,0,9,15,2,0,-1,9
473,5/28/2026,0,10,16,2,0,-1,9
474,5/29/2026,0,1,11,2,0,-1,9
475,5/29/2026,0,3,6,2,0,-1,9
476,5/29/2026,0,4,13,2,0,-1,9
477,5/29/2026,0,9,15,2,0,-1,9
478,5/29/2026,0,10,16,2,0,-1,9
479,5/30/2026,0,1,5,2,0,-1,9
480,5/30/2026,0,2,15,2,0,-1,9
481,5/30/2026,0,7,11,2,0,-1,9
482,5/30/2026,0,8,13,2,0,-1,9
483,5/30/2026,0,9,12,2,0,-1,9
484,5/31/2026,0,1,5,2,0,-1,9
485,5/31/2026,0,2,15,2,0,-1,9
486,5/31/2026,0,3,16,2,0,-1,9
487,5/31/2026,0,4,14,2,0,-1,9
488,5/31/2026,0,10,6,2,0,-1,9
489,5/31/2026,0,7,11,2,0,-1,9
490,5/31/2026,0,8,13,2,0,-1,9
491,5/31/2026,0,9,12,2,0,-1,9
492,6/1/2026,0,2,15,2,0,-1,9
493,6/1/2026,0,3,16,2,0,-1,9
494,6/1/2026,0,4,14,2,0,-1,9
495,6/1/2026,0,10,6,2,0,-1,9
496,6/1/2026,0,7,11,2,0,-1,9
497,6/2/2026,0,1,13,2,0,-1,9
498,6/2/2026,0,2,6,2,0,-1,9
499,6/2/2026,0,3,11,2,0,-1,9
500,6/2/2026,0,4,12,2,0,-1,9
501,6/2/2026,0,10,5,2,0,-1,9
502,6/2/2026,0,7,14,2,0,-1,9
503,6/2/2026,0,8,15,2,0,-1,9
504,6/2/2026,0,9,16,2,0,-1,9
505,6/3/2026,0,1,13,2,0,-1,9
506,6/3/2026,0,2,6,2,0,-1,9
507,6/3/2026,0,3,11,2,0,-1,9
508,6/3/2026,0,4,12,2,0,-1,9
509,6/3/2026,0,10,5,2,0,-1,9
510,6/3/2026,0,7,14,2,0,-1,9
511,6/3/2026,0,8,15,2,0,-1,9
512,6/3/2026,0,9,16,2,0,-1,9
513,6/4/2026,0,7,1,2,0,-1,9
514,6/4/2026,0,9,2,2,0,-1,9
515,6/4/2026,0,10,3,2,0,-1,9
516,6/4/2026,0,8,4,2,0,-1,9
517,6/4/2026,0,11,5,2,0,-1,9
518,6/4/2026,0,6,16,2,0,-1,9
519,6/4/2026,0,12,15,2,0,-1,9
520,6/4/2026,0,13,14,2,0,-1,9
521,6/5/2026,0,7,1,2,0,-1,9
522,6/5/2026,0,9,2,2,0,-1,9
523,6/5/2026,0,10,3,2,0,-1,9
524,6/5/2026,0,8,4,2,0,-1,9
525,6/5/2026,0,11,5,2,0,-1,9
526,6/5/2026,0,6,16,2,0,-1,9
527,6/5/2026,0,12,15,2,0,-1,9
528,6/5/2026,0,13,14,2,0,-1,9
529,6/6/2026,0,7,1,2,0,-1,9
530,6/6/2026,0,9,2,2,0,-1,9
531,6/6/2026,0,10,3,2,0,-1,9
532,6/6/2026,0,8,4,2,0,-1,9
533,6/6/2026,0,11,5,2,0,-1,9
534,6/6/2026,0,6,16,2,0,-1,9
535,6/6/2026,0,12,15,2,0,-1,9
536,6/6/2026,0,13,14,2,0,-1,9
537,6/7/2026,0,1,13,2,0,-1,9
538,6/7/2026,0,2,6,2,0,-1,9
539,6/7/2026,0,3,11,2,0,-1,9
540,6/7/2026,0,4,12,2,0,-1,9
541,6/7/2026,0,10,5,2,0,-1,9
542,6/7/2026,0,7,14,2,0,-1,9
543,6/7/2026,0,8,15,2,0,-1,9
544,6/7/2026,0,9,16,2,0,-1,9
545,6/8/2026,0,1,13,2,0,-1,9
546,6/8/2026,0,2,6,2,0,-1,9
547,6/8/2026,0,3,11,2,0,-1,9
548,6/8/2026,0,4,12,2,0,-1,9
549,6/8/2026,0,10,5,2,0,-1,9
550,6/8/2026,0,7,14,2,0,-1,9
551,6/8/2026,0,8,15,2,0,-1,9
552,6/8/2026,0,9,16,2,0,-1,9
553,6/9/2026,0,1,13,2,0,-1,9
554,6/9/2026,0,2,6,2,0,-1,9
555,6/9/2026,0,3,11,2,0,-1,9
556,6/9/2026,0,4,12,2,0,-1,9
557,6/9/2026,0,10,5,2,0,-1,9
558,6/9/2026,0,7,14,2,0,-1,9
559,6/9/2026,0,8,15,2,0,-1,9
560,6/9/2026,0,9,16,2,0,-1,9
561,6/10/2026,0,3,1,2,0,-1,9
562,6/10/2026,0,4,2,2,0,-1,9
563,6/10/2026,0,5,14,2,0,-1,9
564,6/10/2026,0,12,6,2,0,-1,9
565,6/10/2026,0,10,7,2,0,-1,9
566,6/10/2026,0,8,9,2,0,-1,9
567,6/10/2026,0,11,13,2,0,-1,9
568,6/10/2026,0,15,16,2,0,-1,9
569,6/11/2026,0,3,1,2,0,-1,9
570,6/11/2026,0,4,2,2,0,-1,9
571,6/11/2026,0,5,14,2,0,-1,9
572,6/11/2026,0,12,6,2,0,-1,9
573,6/11/2026,0,10,7,2,0,-1,9
574,6/11/2026,0,8,9,2,0,-1,9
575,6/11/2026,0,11,13,2,0,-1,9
576,6/11/2026,0,15,16,2,0,-1,9
577,6/12/2026,0,3,1,2,0,-1,9
578,6/12/2026,0,4,2,2,0,-1,9
579,6/12/2026,0,5,14,2,0,-1,9
580,6/12/2026,0,12,6,2,0,-1,9
581,6/12/2026,0,10,7,2,0,-1,9
582,6/12/2026,0,8,9,2,0,-1,9
583,6/12/2026,0,11,13,2,0,-1,9
584,6/12/2026,0,15,16,2,0,-1,9
585,6/13/2026,0,1,16,2,0,-1,9
586,6/13/2026,0,2,14,2,0,-1,9
587,6/13/2026,0,3,15,2,0,-1,9
588,6/13/2026,0,4,5,2,0,-1,9
589,6/13/2026,0,7,6,2,0,-1,9
590,6/13/2026,0,8,11,2,0,-1,9
591,6/13/2026,0,9,13,2,0,-1,9
592,6/13/2026,0,10,12,2,0,-1,9
593,6/14/2026,0,1,16,2,0,-1,9
594,6/14/2026,0,2,14,2,0,-1,9
595,6/14/2026,0,3,15,2,0,-1,9
596,6/14/2026,0,4,5,2,0,-1,9
597,6/14/2026,0,7,6,2,0,-1,9
598,6/14/2026,0,8,11,2,0,-1,9
599,6/14/2026,0,9,13,2,0,-1,9
600,6/14/2026,0,10,12,2,0,-1,9
601,6/15/2026,0,4,1,2,0,-1,9
602,6/15/2026,0,2,3,2,0,-1,9
603,6/15/2026,0,16,5,2,0,-1,9
604,6/15/2026,0,6,11,2,0,-1,9
605,6/15/2026,0,8,7,2,0,-1,9
606,6/15/2026,0,9,10,2,0,-1,9
607,6/15/2026,0,12,13,2,0,-1,9
608,6/15/2026,0,15,14,2,0,-1,9
609,6/16/2026,0,4,1,2,0,-1,9
610,6/16/2026,0,2,3,2,0,-1,9
611,6/16/2026,0,16,5,2,0,-1,9
612,6/16/2026,0,6,11,2,0,-1,9
613,6/16/2026,0,8,7,2,0,-1,9
614,6/16/2026,0,9,10,2,0,-1,9
615,6/16/2026,0,12,13,2,0,-1,9
616,6/16/2026,0,15,14,2,0,-1,9
617,6/17/2026,0,2,3,2,0,-1,9
618,6/17/2026,0,16,5,2,0,-1,9
619,6/17/2026,0,6,11,2,0,-1,9
620,6/17/2026,0,12,13,2,0,-1,9
621,6/17/2026,0,15,14,2,0,-1,9
622,6/18/2026,0,2,9,2,0,-1,9
623,6/18/2026,0,4,8,2,0,-1,9
624,6/18/2026,0,5,11,2,0,-1,9
625,6/19/2026,0,1,7,2,0,-1,9
626,6/19/2026,0,2,9,2,0,-1,9
627,6/19/2026,0,3,10,2,0,-1,9
628,6/19/2026,0,4,8,2,0,-1,9
629,6/19/2026,0,5,11,2,0,-1,9
630,6/19/2026,0,16,6,2,0,-1,9
631,6/19/2026,0,15,12,2,0,-1,9
632,6/19/2026,0,14,13,2,0,-1,9
633,6/20/2026,0,1,7,2,0,-1,9
634,6/20/2026,0,2,9,2,0,-1,9
635,6/20/2026,0,3,10,2,0,-1,9
636,6/20/2026,0,4,8,2,0,-1,9
637,6/20/2026,0,5,11,2,0,-1,9
638,6/20/2026,0,16,6,2,0,-1,9
639,6/20/2026,0,15,12,2,0,-1,9
640,6/20/2026,0,14,13,2,0,-1,9
641,6/21/2026,0,1,10,2,0,-1,9
642,6/21/2026,0,2,8,2,0,-1,9
643,6/21/2026,0,3,9,2,0,-1,9
644,6/21/2026,0,4,7,2,0,-1,9
645,6/21/2026,0,5,6,2,0,-1,9
646,6/21/2026,0,14,11,2,0,-1,9
647,6/21/2026,0,16,12,2,0,-1,9
648,6/21/2026,0,15,13,2,0,-1,9
649,6/22/2026,0,1,10,2,0,-1,9
650,6/22/2026,0,2,8,2,0,-1,9
651,6/22/2026,0,3,9,2,0,-1,9
652,6/22/2026,0,4,7,2,0,-1,9
653,6/22/2026,0,5,6,2,0,-1,9
654,6/22/2026,0,14,11,2,0,-1,9
655,6/22/2026,0,16,12,2,0,-1,9
656,6/22/2026,0,15,13,2,0,-1,9
657,6/26/2026,0,16,1,2,0,-1,9
658,6/26/2026,0,14,2,2,0,-1,9
659,6/26/2026,0,6,7,2,0,-1,9
660,6/26/2026,0,11,8,2,0,-1,9
661,6/26/2026,0,12,10,2,0,-1,9
662,6/27/2026,0,16,1,2,0,-1,9
663,6/27/2026,0,14,2,2,0,-1,9
664,6/27/2026,0,15,3,2,0,-1,9
665,6/27/2026,0,5,4,2,0,-1,9
666,6/27/2026,0,6,7,2,0,-1,9
667,6/27/2026,0,11,8,2,0,-1,9
668,6/27/2026,0,13,9,2,0,-1,9
669,6/27/2026,0,12,10,2,0,-1,9
670,6/28/2026,0,16,1,2,0,-1,9
671,6/28/2026,0,15,3,2,0,-1,9
672,6/28/2026,0,5,4,2,0,-1,9
673,6/28/2026,0,6,7,2,0,-1,9
674,6/28/2026,0,13,9,2,0,-1,9
675,6/28/2026,0,12,10,2,0,-1,9
676,6/29/2026,0,1,2,2,0,-1,9
677,6/29/2026,0,3,4,2,0,-1,9
678,6/29/2026,0,5,15,2,0,-1,9
679,6/29/2026,0,13,6,2,0,-1,9
680,6/29/2026,0,10,8,2,0,-1,9
681,6/29/2026,0,14,16,2,0,-1,9
682,6/30/2026,0,1,2,2,0,-1,9
683,6/30/2026,0,3,4,2,0,-1,9
684,6/30/2026,0,5,15,2,0,-1,9
685,6/30/2026,0,13,6,2,0,-1,9
686,6/30/2026,0,7,9,2,0,-1,9
687,6/30/2026,0,10,8,2,0,-1,9
688,6/30/2026,0,11,12,2,0,-1,9
689,6/30/2026,0,14,16,2,0,-1,9
690,7/1/2026,0,5,15,2,0,-1,9
691,7/1/2026,0,7,9,2,0,-1,9
692,7/1/2026,0,10,8,2,0,-1,9
693,7/1/2026,0,11,12,2,0,-1,9
694,7/1/2026,0,14,16,2,0,-1,9
695,7/2/2026,0,1,10,2,0,-1,9
696,7/2/2026,0,2,8,2,0,-1,9
697,7/2/2026,0,3,9,2,0,-1,9
698,7/2/2026,0,4,7,2,0,-1,9
699,7/2/2026,0,5,6,2,0,-1,9
700,7/2/2026,0,14,11,2,0,-1,9
701,7/2/2026,0,16,12,2,0,-1,9
702,7/2/2026,0,15,13,2,0,-1,9
703,7/3/2026,0,1,10,2,0,-1,9
704,7/3/2026,0,2,8,2,0,-1,9
705,7/3/2026,0,3,9,2,0,-1,9
706,7/3/2026,0,4,7,2,0,-1,9
707,7/3/2026,0,5,6,2,0,-1,9
708,7/3/2026,0,14,11,2,0,-1,9
709,7/3/2026,0,16,12,2,0,-1,9
710,7/3/2026,0,15,13,2,0,-1,9
711,7/4/2026,0,1,10,2,0,-1,9
712,7/4/2026,0,2,8,2,0,-1,9
713,7/4/2026,0,3,9,2,0,-1,9
714,7/4/2026,0,4,7,2,0,-1,9
715,7/4/2026,0,5,6,2,0,-1,9
716,7/4/2026,0,14,11,2,0,-1,9
717,7/4/2026,0,16,12,2,0,-1,9
718,7/4/2026,0,15,13,2,0,-1,9
719,7/5/2026,0,13,1,2,0,-1,9
720,7/5/2026,0,5,10,2,0,-1,9
721,7/5/2026,0,14,7,2,0,-1,9
722,7/5/2026,0,16,9,2,0,-1,9
723,7/6/2026,0,13,1,2,0,-1,9
724,7/6/2026,0,6,2,2,0,-1,9
725,7/6/2026,0,11,3,2,0,-1,9
726,7/6/2026,0,12,4,2,0,-1,9
727,7/6/2026,0,5,10,2,0,-1,9
728,7/6/2026,0,14,7,2,0,-1,9
729,7/6/2026,0,15,8,2,0,-1,9
730,7/6/2026,0,16,9,2,0,-1,9
731,7/7/2026,0,13,1,2,0,-1,9
732,7/7/2026,0,6,2,2,0,-1,9
733,7/7/2026,0,11,3,2,0,-1,9
734,7/7/2026,0,12,4,2,0,-1,9
735,7/7/2026,0,15,8,2,0,-1,9
736,7/8/2026,0,9,1,2,0,-1,9
737,7/8/2026,0,7,2,2,0,-1,9
738,7/8/2026,0,8,3,2,0,-1,9
739,7/8/2026,0,10,4,2,0,-1,9
740,7/8/2026,0,12,5,2,0,-1,9
741,7/8/2026,0,6,14,2,0,-1,9
742,7/8/2026,0,11,15,2,0,-1,9
743,7/8/2026,0,13,16,2,0,-1,9
744,7/9/2026,0,9,1,2,0,-1,9
745,7/9/2026,0,7,2,2,0,-1,9
746,7/9/2026,0,8,3,2,0,-1,9
747,7/9/2026,0,10,4,2,0,-1,9
748,7/9/2026,0,12,5,2,0,-1,9
749,7/9/2026,0,6,14,2,0,-1,9
750,7/9/2026,0,11,15,2,0,-1,9
751,7/9/2026,0,13,16,2,0,-1,9
752,7/10/2026,0,1,14,2,0,-1,9
753,7/10/2026,0,2,16,2,0,-1,9
754,7/10/2026,0,3,5,2,0,-1,9
755,7/10/2026,0,4,15,2,0,-1,9
756,7/10/2026,0,9,6,2,0,-1,9
757,7/10/2026,0,7,13,2,0,-1,9
758,7/10/2026,0,8,12,2,0,-1,9
759,7/10/2026,0,10,11,2,0,-1,9
760,7/11/2026,0,1,14,2,0,-1,9
761,7/11/2026,0,2,16,2,0,-1,9
762,7/11/2026,0,3,5,2,0,-1,9
763,7/11/2026,0,4,15,2,0,-1,9
764,7/11/2026,0,9,6,2,0,-1,9
765,7/11/2026,0,7,13,2,0,-1,9
766,7/11/2026,0,8,12,2,0,-1,9
767,7/11/2026,0,10,11,2,0,-1,9
768,7/12/2026,0,15,1,2,0,-1,9
769,7/12/2026,0,5,2,2,0,-1,9
770,7/12/2026,0,14,3,2,0,-1,9
771,7/12/2026,0,16,4,2,0,-1,9
772,7/12/2026,0,6,8,2,0,-1,9
773,7/12/2026,0,12,7,2,0,-1,9
774,7/12/2026,0,11,9,2,0,-1,9
775,7/12/2026,0,13,10,2,0,-1,9
776,7/13/2026,0,15,1,2,0,-1,9
777,7/13/2026,0,5,2,2,0,-1,9
778,7/13/2026,0,14,3,2,0,-1,9
779,7/13/2026,0,16,4,2,0,-1,9
780,7/13/2026,0,6,8,2,0,-1,9
781,7/13/2026,0,12,7,2,0,-1,9
782,7/13/2026,0,11,9,2,0,-1,9
783,7/13/2026,0,13,10,2,0,-1,9
784,7/14/2026,0,1,6,2,0,-1,9
785,7/14/2026,0,2,13,2,0,-1,9
786,7/14/2026,0,3,12,2,0,-1,9
787,7/14/2026,0,4,11,2,0,-1,9
788,7/14/2026,0,8,5,2,0,-1,9
789,7/14/2026,0,7,16,2,0,-1,9
790,7/14/2026,0,9,14,2,0,-1,9
791,7/14/2026,0,10,15,2,0,-1,9
792,7/15/2026,0,1,6,2,0,-1,9
793,7/15/2026,0,2,13,2,0,-1,9
794,7/15/2026,0,3,12,2,0,-1,9
795,7/15/2026,0,4,11,2,0,-1,9
796,7/15/2026,0,8,5,2,0,-1,9
797,7/15/2026,0,7,16,2,0,-1,9
798,7/15/2026,0,9,14,2,0,-1,9
799,7/15/2026,0,10,15,2,0,-1,9
800,7/16/2026,0,1,6,2,0,-1,9
801,7/16/2026,0,2,13,2,0,-1,9
802,7/16/2026,0,3,12,2,0,-1,9
803,7/16/2026,0,4,11,2,0,-1,9
804,7/16/2026,0,8,5,2,0,-1,9
805,7/16/2026,0,7,16,2,0,-1,9
806,7/16/2026,0,9,14,2,0,-1,9
807,7/16/2026,0,10,15,2,0,-1,9
808,7/17/2026,0,1,5,2,0,-1,9
809,7/17/2026,0,3,16,2,0,-1,9
810,7/17/2026,0,4,14,2,0,-1,9
811,7/17/2026,0,10,6,2,0,-1,9
812,7/17/2026,0,7,11,2,0,-1,9
813,7/17/2026,0,8,13,2,0,-1,9
814,7/17/2026,0,9,12,2,0,-1,9
815,7/18/2026,0,1,5,2,0,-1,9
816,7/18/2026,0,2,15,2,0,-1,9
817,7/18/2026,0,3,16,2,0,-1,9
818,7/18/2026,0,4,14,2,0,-1,9
819,7/18/2026,0,10,6,2,0,-1,9
820,7/18/2026,0,7,11,2,0,-1,9
821,7/18/2026,0,8,13,2,0,-1,9
822,7/18/2026,0,9,12,2,0,-1,9
823,7/19/2026,0,1,5,2,0,-1,9
824,7/19/2026,0,2,15,2,0,-1,9
825,7/19/2026,0,3,16,2,0,-1,9
826,7/19/2026,0,4,14,2,0,-1,9
827,7/19/2026,0,10,6,2,0,-1,9
828,7/19/2026,0,8,13,2,0,-1,9
829,7/19/2026,0,9,12,2,0,-1,9
830,7/20/2026,0,1,4,2,0,-1,9
831,7/20/2026,0,3,2,2,0,-1,9
832,7/20/2026,0,5,16,2,0,-1,9
833,7/20/2026,0,11,6,2,0,-1,9
834,7/20/2026,0,7,8,2,0,-1,9
835,7/20/2026,0,10,9,2,0,-1,9
836,7/20/2026,0,13,12,2,0,-1,9
837,7/20/2026,0,14,15,2,0,-1,9
838,7/21/2026,0,1,4,2,0,-1,9
839,7/21/2026,0,3,2,2,0,-1,9
840,7/21/2026,0,5,16,2,0,-1,9
841,7/21/2026,0,11,6,2,0,-1,9
842,7/21/2026,0,7,8,2,0,-1,9
843,7/21/2026,0,10,9,2,0,-1,9
844,7/21/2026,0,13,12,2,0,-1,9
845,7/21/2026,0,14,15,2,0,-1,9
846,7/22/2026,0,1,4,2,0,-1,9
847,7/22/2026,0,3,2,2,0,-1,9
848,7/22/2026,0,5,16,2,0,-1,9
849,7/22/2026,0,11,6,2,0,-1,9
850,7/22/2026,0,7,8,2,0,-1,9
851,7/22/2026,0,10,9,2,0,-1,9
852,7/22/2026,0,13,12,2,0,-1,9
853,7/22/2026,0,14,15,2,0,-1,9
854,7/23/2026,0,1,8,2,0,-1,9
855,7/23/2026,0,2,10,2,0,-1,9
856,7/23/2026,0,3,7,2,0,-1,9
857,7/23/2026,0,4,9,2,0,-1,9
858,7/23/2026,0,5,13,2,0,-1,9
859,7/23/2026,0,15,6,2,0,-1,9
860,7/23/2026,0,16,11,2,0,-1,9
861,7/23/2026,0,14,12,2,0,-1,9
862,7/24/2026,0,1,8,2,0,-1,9
863,7/24/2026,0,2,10,2,0,-1,9
864,7/24/2026,0,3,7,2,0,-1,9
865,7/24/2026,0,4,9,2,0,-1,9
866,7/24/2026,0,5,13,2,0,-1,9
867,7/24/2026,0,15,6,2,0,-1,9
868,7/24/2026,0,16,11,2,0,-1,9
869,7/24/2026,0,14,12,2,0,-1,9
870,7/25/2026,0,1,8,2,0,-1,9
871,7/25/2026,0,2,10,2,0,-1,9
872,7/25/2026,0,3,7,2,0,-1,9
873,7/25/2026,0,4,9,2,0,-1,9
874,7/25/2026,0,5,13,2,0,-1,9
875,7/25/2026,0,15,6,2,0,-1,9
876,7/25/2026,0,16,11,2,0,-1,9
877,7/25/2026,0,14,12,2,0,-1,9
878,7/26/2026,0,1,15,2,0,-1,9
879,7/26/2026,0,2,5,2,0,-1,9
880,7/26/2026,0,3,14,2,0,-1,9
881,7/26/2026,0,4,16,2,0,-1,9
882,7/26/2026,0,7,12,2,0,-1,9
883,7/26/2026,0,9,11,2,0,-1,9
884,7/26/2026,0,10,13,2,0,-1,9
885,7/27/2026,0,1,15,2,0,-1,9
886,7/27/2026,0,2,5,2,0,-1,9
887,7/27/2026,0,3,14,2,0,-1,9
888,7/27/2026,0,4,16,2,0,-1,9
889,7/27/2026,0,8,6,2,0,-1,9
890,7/27/2026,0,7,12,2,0,-1,9
891,7/27/2026,0,9,11,2,0,-1,9
892,7/27/2026,0,10,13,2,0,-1,9
893,7/28/2026,0,1,15,2,0,-1,9
894,7/28/2026,0,3,14,2,0,-1,9
895,7/28/2026,0,8,6,2,0,-1,9
896,7/28/2026,0,7,12,2,0,-1,9
897,7/28/2026,0,9,11,2,0,-1,9
898,7/28/2026,0,10,13,2,0,-1,9
899,7/29/2026,0,11,1,2,0,-1,9
900,7/29/2026,0,12,2,2,0,-1,9
901,7/29/2026,0,6,3,2,0,-1,9
902,7/29/2026,0,13,4,2,0,-1,9
903,7/29/2026,0,5,7,2,0,-1,9
904,7/29/2026,0,14,8,2,0,-1,9
905,7/29/2026,0,15,9,2,0,-1,9
906,7/29/2026,0,16,10,2,0,-1,9
907,7/30/2026,0,11,1,2,0,-1,9
908,7/30/2026,0,12,2,2,0,-1,9
909,7/30/2026,0,6,3,2,0,-1,9
910,7/30/2026,0,13,4,2,0,-1,9
911,7/30/2026,0,5,7,2,0,-1,9
912,7/30/2026,0,14,8,2,0,-1,9
913,7/30/2026,0,15,9,2,0,-1,9
914,7/30/2026,0,16,10,2,0,-1,9
915,7/31/2026,0,1,7,2,0,-1,9
916,7/31/2026,0,3,10,2,0,-1,9
917,7/31/2026,0,4,8,2,0,-1,9
918,7/31/2026,0,5,11,2,0,-1,9
919,7/31/2026,0,16,6,2,0,-1,9
920,7/31/2026,0,15,12,2,0,-1,9
921,7/31/2026,0,14,13,2,0,-1,9
922,8/1/2026,0,1,7,2,0,-1,9
923,8/1/2026,0,2,9,2,0,-1,9
924,8/1/2026,0,3,10,2,0,-1,9
925,8/1/2026,0,4,8,2,0,-1,9
926,8/1/2026,0,5,11,2,0,-1,9
927,8/1/2026,0,16,6,2,0,-1,9
928,8/1/2026,0,15,12,2,0,-1,9
929,8/1/2026,0,14,13,2,0,-1,9
930,8/2/2026,0,1,7,2,0,-1,9
931,8/2/2026,0,2,9,2,0,-1,9
932,8/2/2026,0,3,10,2,0,-1,9
933,8/2/2026,0,16,6,2,0,-1,9
934,8/2/2026,0,15,12,2,0,-1,9
935,8/2/2026,0,14,13,2,0,-1,9
936,8/3/2026,0,2,7,2,0,-1,9
937,8/3/2026,0,3,8,2,0,-1,9
938,8/3/2026,0,4,10,2,0,-1,9
939,8/3/2026,0,5,12,2,0,-1,9
940,8/3/2026,0,14,6,2,0,-1,9
941,8/3/2026,0,16,13,2,0,-1,9
942,8/4/2026,0,1,9,2,0,-1,9
943,8/4/2026,0,2,7,2,0,-1,9
944,8/4/2026,0,3,8,2,0,-1,9
945,8/4/2026,0,4,10,2,0,-1,9
946,8/4/2026,0,5,12,2,0,-1,9
947,8/4/2026,0,14,6,2,0,-1,9
948,8/4/2026,0,15,11,2,0,-1,9
949,8/4/2026,0,16,13,2,0,-1,9
950,8/5/2026,0,1,9,2,0,-1,9
951,8/5/2026,0,2,7,2,0,-1,9
952,8/5/2026,0,3,8,2,0,-1,9
953,8/5/2026,0,5,12,2,0,-1,9
954,8/5/2026,0,14,6,2,0,-1,9
955,8/5/2026,0,15,11,2,0,-1,9
956,8/5/2026,0,16,13,2,0,-1,9
957,8/6/2026,0,2,1,2,0,-1,9
958,8/6/2026,0,4,3,2,0,-1,9
959,8/6/2026,0,15,5,2,0,-1,9
960,8/6/2026,0,6,13,2,0,-1,9
961,8/6/2026,0,9,7,2,0,-1,9
962,8/6/2026,0,8,10,2,0,-1,9
963,8/6/2026,0,12,11,2,0,-1,9
964,8/6/2026,0,16,14,2,0,-1,9
965,8/7/2026,0,2,1,2,0,-1,9
966,8/7/2026,0,4,3,2,0,-1,9
967,8/7/2026,0,15,5,2,0,-1,9
968,8/7/2026,0,6,13,2,0,-1,9
969,8/7/2026,0,9,7,2,0,-1,9
970,8/7/2026,0,8,10,2,0,-1,9
971,8/7/2026,0,12,11,2,0,-1,9
972,8/7/2026,0,16,14,2,0,-1,9
973,8/8/2026,0,2,1,2,0,-1,9
974,8/8/2026,0,4,3,2,0,-1,9
975,8/8/2026,0,15,5,2,0,-1,9
976,8/8/2026,0,6,13,2,0,-1,9
977,8/8/2026,0,9,7,2,0,-1,9
978,8/8/2026,0,8,10,2,0,-1,9
979,8/8/2026,0,12,11,2,0,-1,9
980,8/8/2026,0,16,14,2,0,-1,9
981,8/9/2026,0,1,8,2,0,-1,9
982,8/9/2026,0,2,10,2,0,-1,9
983,8/9/2026,0,3,7,2,0,-1,9
984,8/9/2026,0,4,9,2,0,-1,9
985,8/9/2026,0,5,13,2,0,-1,9
986,8/9/2026,0,15,6,2,0,-1,9
987,8/9/2026,0,16,11,2,0,-1,9
988,8/9/2026,0,14,12,2,0,-1,9
989,8/10/2026,0,1,8,2,0,-1,9
990,8/10/2026,0,2,10,2,0,-1,9
991,8/10/2026,0,3,7,2,0,-1,9
992,8/10/2026,0,4,9,2,0,-1,9
993,8/10/2026,0,5,13,2,0,-1,9
994,8/10/2026,0,15,6,2,0,-1,9
995,8/10/2026,0,16,11,2,0,-1,9
996,8/10/2026,0,14,12,2,0,-1,9
997,8/11/2026,0,1,14,2,0,-1,9
998,8/11/2026,0,2,16,2,0,-1,9
999,8/11/2026,0,3,5,2,0,-1,9
1000,8/11/2026,0,4,15,2,0,-1,9
1001,8/11/2026,0,9,6,2,0,-1,9
1002,8/11/2026,0,7,13,2,0,-1,9
1003,8/11/2026,0,8,12,2,0,-1,9
1004,8/11/2026,0,10,11,2,0,-1,9
1005,8/12/2026,0,1,14,2,0,-1,9
1006,8/12/2026,0,2,16,2,0,-1,9
1007,8/12/2026,0,3,5,2,0,-1,9
1008,8/12/2026,0,4,15,2,0,-1,9
1009,8/12/2026,0,9,6,2,0,-1,9
1010,8/12/2026,0,7,13,2,0,-1,9
1011,8/12/2026,0,8,12,2,0,-1,9
1012,8/12/2026,0,10,11,2,0,-1,9
1013,8/13/2026,0,1,14,2,0,-1,9
1014,8/13/2026,0,2,16,2,0,-1,9
1015,8/13/2026,0,3,5,2,0,-1,9
1016,8/13/2026,0,4,15,2,0,-1,9
1017,8/13/2026,0,9,6,2,0,-1,9
1018,8/13/2026,0,7,13,2,0,-1,9
1019,8/13/2026,0,8,12,2,0,-1,9
1020,8/13/2026,0,10,11,2,0,-1,9
1021,8/14/2026,0,8,1,2,0,-1,9
1022,8/14/2026,0,10,2,2,0,-1,9
1023,8/14/2026,0,7,3,2,0,-1,9
1024,8/14/2026,0,9,4,2,0,-1,9
1025,8/14/2026,0,13,5,2,0,-1,9
1026,8/14/2026,0,6,15,2,0,-1,9
1027,8/14/2026,0,11,16,2,0,-1,9
1028,8/14/2026,0,12,14,2,0,-1,9
1029,8/15/2026,0,8,1,2,0,-1,9
1030,8/15/2026,0,10,2,2,0,-1,9
1031,8/15/2026,0,7,3,2,0,-1,9
1032,8/15/2026,0,9,4,2,0,-1,9
1033,8/15/2026,0,13,5,2,0,-1,9
1034,8/15/2026,0,6,15,2,0,-1,9
1035,8/15/2026,0,11,16,2,0,-1,9
1036,8/15/2026,0,12,14,2,0,-1,9
1037,8/16/2026,0,8,1,2,0,-1,9
1038,8/16/2026,0,10,2,2,0,-1,9
1039,8/16/2026,0,7,3,2,0,-1,9
1040,8/16/2026,0,9,4,2,0,-1,9
1041,8/16/2026,0,13,5,2,0,-1,9
1042,8/16/2026,0,6,15,2,0,-1,9
1043,8/16/2026,0,11,16,2,0,-1,9
1044,8/16/2026,0,12,14,2,0,-1,9
1045,8/17/2026,0,4,1,2,0,-1,9
1046,8/17/2026,0,16,5,2,0,-1,9
1047,8/17/2026,0,6,11,2,0,-1,9
1048,8/17/2026,0,8,7,2,0,-1,9
1049,8/17/2026,0,9,10,2,0,-1,9
1050,8/17/2026,0,12,13,2,0,-1,9
1051,8/17/2026,0,15,14,2,0,-1,9
1052,8/18/2026,0,4,1,2,0,-1,9
1053,8/18/2026,0,2,3,2,0,-1,9
1054,8/18/2026,0,16,5,2,0,-1,9
1055,8/18/2026,0,8,7,2,0,-1,9
1056,8/18/2026,0,9,10,2,0,-1,9
1057,8/18/2026,0,12,13,2,0,-1,9
1058,8/19/2026,0,16,1,2,0,-1,9
1059,8/19/2026,0,14,2,2,0,-1,9
1060,8/19/2026,0,15,3,2,0,-1,9
1061,8/19/2026,0,5,4,2,0,-1,9
1062,8/19/2026,0,11,8,2,0,-1,9
1063,8/19/2026,0,13,9,2,0,-1,9
1064,8/20/2026,0,16,1,2,0,-1,9
1065,8/20/2026,0,14,2,2,0,-1,9
1066,8/20/2026,0,15,3,2,0,-1,9
1067,8/20/2026,0,5,4,2,0,-1,9
1068,8/20/2026,0,6,7,2,0,-1,9
1069,8/20/2026,0,11,8,2,0,-1,9
1070,8/20/2026,0,13,9,2,0,-1,9
1071,8/20/2026,0,12,10,2,0,-1,9
1072,8/21/2026,0,14,2,2,0,-1,9
1073,8/21/2026,0,15,3,2,0,-1,9
1074,8/21/2026,0,5,4,2,0,-1,9
1075,8/21/2026,0,6,7,2,0,-1,9
1076,8/21/2026,0,11,8,2,0,-1,9
1077,8/21/2026,0,13,9,2,0,-1,9
1078,8/21/2026,0,12,10,2,0,-1,9
1079,8/22/2026,0,2,12,2,0,-1,9
1080,8/22/2026,0,3,6,2,0,-1,9
1081,8/22/2026,0,4,13,2,0,-1,9
1082,8/22/2026,0,7,5,2,0,-1,9
1083,8/22/2026,0,8,14,2,0,-1,9
1084,8/22/2026,0,10,16,2,0,-1,9
1085,8/23/2026,0,1,11,2,0,-1,9
1086,8/23/2026,0,2,12,2,0,-1,9
1087,8/23/2026,0,3,6,2,0,-1,9
1088,8/23/2026,0,4,13,2,0,-1,9
1089,8/23/2026,0,7,5,2,0,-1,9
1090,8/23/2026,0,8,14,2,0,-1,9
1091,8/23/2026,0,9,15,2,0,-1,9
1092,8/23/2026,0,10,16,2,0,-1,9
1093,8/24/2026,0,1,11,2,0,-1,9
1094,8/24/2026,0,2,12,2,0,-1,9
1095,8/24/2026,0,3,6,2,0,-1,9
1096,8/24/2026,0,4,13,2,0,-1,9
1097,8/24/2026,0,7,5,2,0,-1,9
1098,8/24/2026,0,8,14,2,0,-1,9
1099,8/24/2026,0,9,15,2,0,-1,9
1100,8/24/2026,0,10,16,2,0,-1,9
1101,8/25/2026,0,1,3,2,0,-1,9
1102,8/25/2026,0,2,4,2,0,-1,9
1103,8/25/2026,0,14,5,2,0,-1,9
1104,8/25/2026,0,6,12,2,0,-1,9
1105,8/25/2026,0,7,10,2,0,-1,9
1106,8/25/2026,0,9,8,2,0,-1,9
1107,8/25/2026,0,13,11,2,0,-1,9
1108,8/25/2026,0,16,15,2,0,-1,9
1109,8/26/2026,0,1,3,2,0,-1,9
1110,8/26/2026,0,2,4,2,0,-1,9
1111,8/26/2026,0,14,5,2,0,-1,9
1112,8/26/2026,0,6,12,2,0,-1,9
1113,8/26/2026,0,7,10,2,0,-1,9
1114,8/26/2026,0,9,8,2,0,-1,9
1115,8/26/2026,0,13,11,2,0,-1,9
1116,8/26/2026,0,16,15,2,0,-1,9
1117,8/27/2026,0,1,3,2,0,-1,9
1118,8/27/2026,0,2,4,2,0,-1,9
1119,8/27/2026,0,6,12,2,0,-1,9
1120,8/27/2026,0,7,10,2,0,-1,9
1121,8/27/2026,0,9,8,2,0,-1,9
1122,8/28/2026,0,8,1,2,0,-1,9
1123,8/28/2026,0,7,3,2,0,-1,9
1124,8/28/2026,0,6,15,2,0,-1,9
1125,8/29/2026,0,8,1,2,0,-1,9
1126,8/29/2026,0,10,2,2,0,-1,9
1127,8/29/2026,0,7,3,2,0,-1,9
1128,8/29/2026,0,9,4,2,0,-1,9
1129,8/29/2026,0,13,5,2,0,-1,9
1130,8/29/2026,0,6,15,2,0,-1,9
1131,8/29/2026,0,11,16,2,0,-1,9
1132,8/29/2026,0,12,14,2,0,-1,9
1133,8/30/2026,0,10,2,2,0,-1,9
1134,8/30/2026,0,9,4,2,0,-1,9
1135,8/30/2026,0,13,5,2,0,-1,9
1136,8/30/2026,0,11,16,2,0,-1,9
1137,8/30/2026,0,12,14,2,0,-1,9
1138,8/31/2026,0,4,1,2,0,-1,9
1139,8/31/2026,0,2,3,2,0,-1,9
1140,8/31/2026,0,16,5,2,0,-1,9
1141,8/31/2026,0,6,11,2,0,-1,9
1142,8/31/2026,0,8,7,2,0,-1,9
1143,8/31/2026,0,9,10,2,0,-1,9
1144,8/31/2026,0,15,14,2,0,-1,9
1145,9/1/2026,0,4,1,2,0,-1,9
1146,9/1/2026,0,2,3,2,0,-1,9
1147,9/1/2026,0,16,5,2,0,-1,9
1148,9/1/2026,0,6,11,2,0,-1,9
1149,9/1/2026,0,8,7,2,0,-1,9
1150,9/1/2026,0,9,10,2,0,-1,9
1151,9/1/2026,0,12,13,2,0,-1,9
1152,9/1/2026,0,15,14,2,0,-1,9
1153,9/2/2026,0,4,1,2,0,-1,9
1154,9/2/2026,0,2,3,2,0,-1,9
1155,9/2/2026,0,6,11,2,0,-1,9
1156,9/2/2026,0,8,7,2,0,-1,9
1157,9/2/2026,0,9,10,2,0,-1,9
1158,9/2/2026,0,12,13,2,0,-1,9
1159,9/2/2026,0,15,14,2,0,-1,9
1160,9/3/2026,0,15,1,2,0,-1,9
1161,9/3/2026,0,5,2,2,0,-1,9
1162,9/3/2026,0,14,3,2,0,-1,9
1163,9/3/2026,0,16,4,2,0,-1,9
1164,9/3/2026,0,6,8,2,0,-1,9
1165,9/3/2026,0,12,7,2,0,-1,9
1166,9/3/2026,0,11,9,2,0,-1,9
1167,9/3/2026,0,13,10,2,0,-1,9
1168,9/4/2026,0,15,1,2,0,-1,9
1169,9/4/2026,0,5,2,2,0,-1,9
1170,9/4/2026,0,14,3,2,0,-1,9
1171,9/4/2026,0,16,4,2,0,-1,9
1172,9/4/2026,0,6,8,2,0,-1,9
1173,9/4/2026,0,12,7,2,0,-1,9
1174,9/4/2026,0,11,9,2,0,-1,9
1175,9/4/2026,0,13,10,2,0,-1,9
1176,9/5/2026,0,15,1,2,0,-1,9
1177,9/5/2026,0,5,2,2,0,-1,9
1178,9/5/2026,0,14,3,2,0,-1,9
1179,9/5/2026,0,16,4,2,0,-1,9
1180,9/5/2026,0,6,8,2,0,-1,9
1181,9/5/2026,0,12,7,2,0,-1,9
1182,9/5/2026,0,11,9,2,0,-1,9
1183,9/5/2026,0,13,10,2,0,-1,9
1184,9/6/2026,0,5,1,2,0,-1,9
1185,9/6/2026,0,15,2,2,0,-1,9
1186,9/6/2026,0,16,3,2,0,-1,9
1187,9/6/2026,0,14,4,2,0,-1,9
1188,9/6/2026,0,6,10,2,0,-1,9
1189,9/6/2026,0,11,7,2,0,-1,9
1190,9/6/2026,0,13,8,2,0,-1,9
1191,9/6/2026,0,12,9,2,0,-1,9
1192,9/7/2026,0,5,1,2,0,-1,9
1193,9/7/2026,0,15,2,2,0,-1,9
1194,9/7/2026,0,16,3,2,0,-1,9
1195,9/7/2026,0,14,4,2,0,-1,9
1196,9/7/2026,0,6,10,2,0,-1,9
1197,9/7/2026,0,11,7,2,0,-1,9
1198,9/7/2026,0,13,8,2,0,-1,9
1199,9/7/2026,0,12,9,2,0,-1,9
1200,9/8/2026,0,5,1,2,0,-1,9
1201,9/8/2026,0,15,2,2,0,-1,9
1202,9/8/2026,0,16,3,2,0,-1,9
1203,9/8/2026,0,14,4,2,0,-1,9
1204,9/8/2026,0,6,10,2,0,-1,9
1205,9/8/2026,0,11,7,2,0,-1,9
1206,9/8/2026,0,13,8,2,0,-1,9
1207,9/8/2026,0,12,9,2,0,-1,9
1208,9/9/2026,0,1,4,2,0,-1,9
1209,9/9/2026,0,3,2,2,0,-1,9
1210,9/9/2026,0,5,16,2,0,-1,9
1211,9/9/2026,0,11,6,2,0,-1,9
1212,9/9/2026,0,7,8,2,0,-1,9
1213,9/9/2026,0,10,9,2,0,-1,9
1214,9/9/2026,0,13,12,2,0,-1,9
1215,9/9/2026,0,14,15,2,0,-1,9
1216,9/10/2026,0,1,2,2,0,-1,9
1217,9/10/2026,0,3,4,2,0,-1,9
1218,9/10/2026,0,5,15,2,0,-1,9
1219,9/10/2026,0,13,6,2,0,-1,9
1220,9/10/2026,0,7,9,2,0,-1,9
1221,9/10/2026,0,10,8,2,0,-1,9
1222,9/10/2026,0,11,12,2,0,-1,9
1223,9/10/2026,0,14,16,2,0,-1,9
1224,9/11/2026,0,1,2,2,0,-1,9
1225,9/11/2026,0,3,4,2,0,-1,9
1226,9/11/2026,0,5,15,2,0,-1,9
1227,9/11/2026,0,13,6,2,0,-1,9
1228,9/11/2026,0,7,9,2,0,-1,9
1229,9/11/2026,0,10,8,2,0,-1,9
1230,9/11/2026,0,11,12,2,0,-1,9
1231,9/11/2026,0,14,16,2,0,-1,9
1232,9/12/2026,0,1,2,2,0,-1,9
1233,9/12/2026,0,3,4,2,0,-1,9
1234,9/12/2026,0,5,15,2,0,-1,9
1235,9/12/2026,0,13,6,2,0,-1,9
1236,9/12/2026,0,7,9,2,0,-1,9
1237,9/12/2026,0,10,8,2,0,-1,9
1238,9/12/2026,0,11,12,2,0,-1,9
1239,9/13/2026,0,11,1,2,0,-1,9
1240,9/13/2026,0,12,2,2,0,-1,9
1241,9/13/2026,0,6,3,2,0,-1,9
1242,9/13/2026,0,13,4,2,0,-1,9
1243,9/13/2026,0,5,7,2,0,-1,9
1244,9/13/2026,0,14,8,2,0,-1,9
1245,9/13/2026,0,15,9,2,0,-1,9
1246,9/13/2026,0,16,10,2,0,-1,9
1247,9/14/2026,0,11,1,2,0,-1,9
1248,9/14/2026,0,12,2,2,0,-1,9
1249,9/14/2026,0,6,3,2,0,-1,9
1250,9/14/2026,0,13,4,2,0,-1,9
1251,9/14/2026,0,5,7,2,0,-1,9
1252,9/14/2026,0,14,8,2,0,-1,9
1253,9/14/2026,0,15,9,2,0,-1,9
1254,9/14/2026,0,16,10,2,0,-1,9
1255,9/15/2026,0,11,1,2,0,-1,9
1256,9/15/2026,0,12,2,2,0,-1,9
1257,9/15/2026,0,6,3,2,0,-1,9
1258,9/15/2026,0,13,4,2,0,-1,9
1259,9/15/2026,0,5,7,2,0,-1,9
1260,9/15/2026,0,14,8,2,0,-1,9
1261,9/15/2026,0,15,9,2,0,-1,9
1262,9/15/2026,0,16,10,2,0,-1,9
1263,9/16/2026,0,1,2,2,0,-1,9
1264,9/16/2026,0,3,4,2,0,-1,9
1265,9/16/2026,0,5,15,2,0,-1,9
1266,9/16/2026,0,13,6,2,0,-1,9
1267,9/16/2026,0,7,9,2,0,-1,9
1268,9/16/2026,0,11,12,2,0,-1,9
1269,9/16/2026,0,14,16,2,0,-1,9
1270,9/17/2026,0,1,2,2,0,-1,9
1271,9/17/2026,0,3,4,2,0,-1,9
1272,9/17/2026,0,13,6,2,0,-1,9
1273,9/17/2026,0,7,9,2,0,-1,9
1274,9/17/2026,0,10,8,2,0,-1,9
1275,9/17/2026,0,11,12,2,0,-1,9
1276,9/17/2026,0,14,16,2,0,-1,9
1277,9/18/2026,0,6,1,2,0,-1,9
1278,9/18/2026,0,13,2,2,0,-1,9
1279,9/18/2026,0,12,3,2,0,-1,9
1280,9/18/2026,0,5,8,2,0,-1,9
1281,9/18/2026,0,16,7,2,0,-1,9
1282,9/18/2026,0,14,9,2,0,-1,9
1283,9/19/2026,0,6,1,2,0,-1,9
1284,9/19/2026,0,13,2,2,0,-1,9
1285,9/19/2026,0,12,3,2,0,-1,9
1286,9/19/2026,0,11,4,2,0,-1,9
1287,9/19/2026,0,5,8,2,0,-1,9
1288,9/19/2026,0,16,7,2,0,-1,9
1289,9/19/2026,0,14,9,2,0,-1,9
1290,9/19/2026,0,15,10,2,0,-1,9
1291,9/20/2026,0,13,2,2,0,-1,9
1292,9/20/2026,0,12,3,2,0,-1,9
1293,9/20/2026,0,11,4,2,0,-1,9
1294,9/20/2026,0,16,7,2,0,-1,9
1295,9/20/2026,0,14,9,2,0,-1,9
1296,9/20/2026,0,15,10,2,0,-1,9
