=== BEB ===

  -- Batters --
  Name                         Pos   Age Tm      G   AB   R   H  2B  3B  HR  RBI  SB  CS   BB   SO    BA   OBP   SLG   OPS Pos
  ----------------------------------------------------------------------------------------------------------------------------
  Joey Bart                    C      28 PIT    93  285  21  71  12   1   4   30   1   1   40   93 0.249 0.355  0.34 0.696 2/HD
  Samuel Basallo*              C      20 BAL    31  109  10  18   6   0   4   15   0   0    6   30 0.165 0.229  0.33 0.559 2/D3H
  Brett Baty                   3B     25 NYM   130  393  53 100  13   2  18   50   8   0   33  108 0.254 0.313 0.435 0.748 54H/D
  Michael Busch                1B     27 CHC   155  524  78 137  25   5  34   90   4   0   56  139 0.261 0.343 0.523 0.866 *3H/D
  Dominic Canzone              RF     27 SEA    82  243  30  73  11   0  11   32   3   1   20   59   0.3 0.358 0.481  0.84 9H/D
  Dylan Crews                  RF     23 WSN    85  293  43  61   8   2  10   27  17   5   24   76 0.208  0.28 0.352 0.631 98/D
  Henry Davis                  C      25 PIT    87  252  25  42   7   0   7   22   2   1   18   76 0.167 0.234 0.278 0.512 2/HD
  Bryce Eldridge*              DH     20 SFG    10   28   1   3   2   0   0    4   0   0    7   13 0.107 0.297 0.179 0.476 /D3
  Michael Harris               CF     24 ATL   160  611  55 152  26   6  20   86  20   6   16  128 0.249 0.268 0.409 0.678 *8/H
  Ke'Bryan Hayes               3B     28 2TM   152  527  50 124  16   3   5   49  12   3   36  111 0.235  0.29 0.306 0.595 *5/H
  Heston Kjerstad              LF     26 BAL    54  156  16  30   5   2   4   19   1   0    6   45 0.192  0.24 0.327 0.566 79/HD
  Brooks Lee#                  SS     24 MIN   139  487  50 115  15   1  16   64   3   1   31   92 0.236 0.285  0.37 0.654 654H/D
  Nathaniel Lowe               1B     29 2TM   153  540  64 123  23   3  18   84   1   0   62  159 0.228 0.307 0.381 0.689 *3/HD
  Noelvi Marte                 RF     23 CIN    90  339  45  89  17   2  14   51  10   3   16   85 0.263   0.3 0.448 0.748 95/H8D
  Parker Meadows               CF     25 DET    58  191  22  41   6   2   4   16   4   0   21   56 0.215 0.291  0.33 0.621 8/H
  Bo Naylor                    C      25 CLE   123  359  46  70  22   1  14   47   1   2   45   99 0.195 0.282 0.379 0.661 *2H
  Connor Norby                 3B     25 MIA    88  311  42  78  17   1   8   34   8   2   18   90 0.251   0.3 0.389 0.689 5/HD
  Dalton Rushing*              C      24 LAD    53  142  15  29   5   0   4   24   0   0   10   58 0.204 0.258 0.324 0.582 2/H3D
  Corey Seager                 SS     31 TEX   102  380  61 103  19   0  21   50   3   0   58   87 0.271 0.373 0.487  0.86 6/D
  Matt Shaw                    3B     23 CHC   126  393  57  89  21   3  13   44  17   5   38   94 0.226 0.295 0.394  0.69 *5/H4
  George Springer              DH     35 TOR   140  498 106 154  27   1  32   84  18   1   69  111 0.309 0.399  0.56 0.959 D978/H
  Kyle Teel*                   C      23 CHW    78  253  38  69  11   0   8   35   3   1   37   77 0.273 0.375 0.411 0.786 2D/H7
  Gleyber Torres               2B     28 DET   145  532  79 136  22   0  16   74   4   1   85  101 0.256 0.358 0.387 0.745 *4D/H
  Miguel Vargas                3B     25 CHW   138  504  80 118  32   2  16   60   6   0   56  100 0.234 0.316 0.401 0.717 53/DH7

  -- Pitchers --
  Name                         Pos   Age Tm      W   L   ERA   G  GS  GF  SV     IP    H    R   ER  HR   BB   SO   FIP   WHIP    H9   HR9   BB9   SO9
  ---------------------------------------------------------------------------------------------------------------------------------------------------
  Aaron Ashby                  RP     27 MIL     5   2  2.16  43   1   9   3   66.2   54   16   16   3   24   76   2.7   1.17   7.3   0.4   3.2  10.3
  David Bednar                 RP     30 2TM     6   5   2.3  64   0  51  27   62.2   46   18   16   4   19   86  2.18  1.037   6.6   0.6   2.7  12.4
  Hayden Birdsong              RP     23 SFG     4   4   4.8  21  10   2   0   65.2   61   42   35  10   37   68  4.96  1.492   8.4   1.4   5.1   9.3
  Reid Detmers                 RP     25 LAA     5   3  3.96  61   0   7   3   63.2   58   29   28   6   25   80  3.12  1.304   8.2   0.8   3.5  11.3
  Josh Hader                   RP     31 HOU     6   2  2.05  48   0  41  28   52.2   29   16   12   8   16   76  3.25  0.854   5.0   1.4   2.7  13.0
  Kyle Harrison                SP     23 2TM     1   1  4.04  11   6   2   0   35.2   35   16   16   4   14   38  3.72  1.374   8.8   1.0   3.5   9.6
  Cade Horton                  SP     23 CHC    11   4  2.67  23  22   0   0  118.0   95   40   35  10   33   97  3.59  1.085   7.2   0.8   2.5   7.4
  Kenley Jansen                RP     37 LAA     5   4  2.59  62   0  47  29   59.0   37   18   17   8   19   57  3.98  0.949   5.6   1.2   2.9   8.7
  Jake Latz                    RP     29 TEX     2   0  2.84  33   8   5   1   85.2   69   28   27   7   37   76  3.72  1.237   7.2   0.7   3.9   8.0
  Nick Lodolo                  SP     27 CIN     9   8  3.33  29  28   0   0  156.2  138   60   58  22   31  156  3.81  1.079   7.9   1.3   1.8   9.0
  Jacob Lopez                  SP     27 ATH     7   7  4.08  21  17   1   0   92.2   81   47   42  15   37  113  4.26  1.273   7.9   1.5   3.6  11.0
  Dustin May                   SP     27 2TM     7  11  4.96  25  23   1   0  132.1  132   78   73  21   56  123  4.88  1.421   9.0   1.4   3.8   8.4
  Luis Morales                 SP     22 ATH     4   3  3.14  10   9   0   0   48.2   38   18   17   8   18   43  4.68  1.151   7.0   1.5   3.3   8.0
  Ryan Pepiot                  SP     27 TBR    11  12  3.86  31  31   0   0  167.2  134   77   72  26   61  167  4.36  1.163   7.2   1.4   3.3   9.0
  Yariel Rodríguez             RP     28 TOR     3   2  3.08  66   1  17   2   73.0   50   26   25   8   34   66   4.4  1.151   6.2   1.0   4.2   8.1
  Justin Sterner               RP     28 ATH     4   3  3.18  59   1   8   0   65.0   47   24   23  10   21   70  4.27  1.046   6.5   1.4   2.9   9.7
  Louie Varland                RP     27 2TM     4   3  2.97  74   1   8   0   72.2   65   27   24   6   22   75  3.14  1.197   8.1   0.7   2.7   9.3
  Justin Verlander             SP     42 SFG     4  11  3.85  29  29   0   0  152.0  155   74   65  16   52  137  3.85  1.362   9.2   0.9   3.1   8.1
  Trey Yesavage                SP     21 TOR     1   0  3.21   3   3   0   0   14.0   13    5    5   0    7   16  2.35  1.429   8.4   0.0   4.5  10.3

  -- Did Not Play --
  Shane McClanahan                    DNP
  Gavin Stone                  SP     DNP

=== BFP ===

  -- Batters --
  Name                         Pos   Age Tm      G   AB   R   H  2B  3B  HR  RBI  SB  CS   BB   SO    BA   OBP   SLG   OPS Pos
  ----------------------------------------------------------------------------------------------------------------------------
  Roman Anthony*               RF     21 BOS    71  257  48  75  18   1   8   32   4   1   40   84 0.292 0.396 0.463 0.859 97D/H
  Junior Caminero              3B     21 TBR   154  602  93 159  28   0  45  110   7   1   41  125 0.264 0.311 0.535 0.846 *5/DH3
  Corbin Carroll               RF     24 ARI   143  564 107 146  32  17  31   84  32   6   67  153 0.259 0.343 0.541 0.883 *9/8DH
  Jackson Chourio              CF     21 MIL   131  549  88 148  35   4  21   78  21   7   30  121  0.27 0.308 0.463  0.77 *879/D
  Jasson Dominguez             LF     22 NYY   123  381  58  98  18   1  10   47  23   5   41  115 0.257 0.331 0.388 0.719 7HD
  Harry Ford                   C      22 SEA     8    6   1   1   0   0   0    1   0   0    0    3 0.167  0.25 0.167 0.417 /2HD
  Maikel Garcia                3B     25 KCR   160  595  81 170  39   5  16   74  23   9   62   84 0.286 0.351 0.449   0.8 *564/8DH9
  Andres Gimenez               2B     26 TOR   101  329  39  69  11   1   7   35  12   2   25   66  0.21 0.285 0.313 0.598 46/H
  Ryan Jeffers                 C      28 MIN   119  406  47 108  26   0   9   47   1   1   50   91 0.266 0.356 0.397 0.752 2D/H
  Luke Keaschall               2B     22 MIN    49  182  25  55  14   0   4   28  14   3   19   29 0.302 0.382 0.445 0.827 4/D
  Nick Kurtz*                  1B     22 ATH   117  420  90 122  26   2  36   86   2   1   63  151  0.29 0.383 0.619 1.002 *3/DH
  Jordan Lawlar                3B     22 ARI    28   66   9  12   7   0   0    5   2   0    6   26 0.182 0.257 0.288 0.545 5H/D46
  Otto Lopez                   SS     26 MIA   143  544  66 134  21   0  15   77  15   6   44   82 0.246 0.305 0.368 0.672 *64/HD
  Christian Moore              2B     22 LAA    53  162  20  32   5   1   7   16   3   0   19   62 0.198 0.284  0.37 0.655 4/H
  Ceddanne Rafaela             CF     24 BOS   156  546  84 136  34   4  16   63  20   5   28  117 0.249 0.295 0.414 0.708 *84/H
  Cal Raleigh                  C      28 SEA   159  596 110 147  24   0  60  125  14   4   97  188 0.247 0.359 0.589 0.948 *2D/H
  Miguel Rojas                 2B     36 LAD   114  290  35  76  18   0   7   27   5   0   24   46 0.262 0.318 0.397 0.715 456H/13
  Carson Williams              SS     22 TBR    32   99  11  17   3   0   5   12   2   1    6   44 0.172 0.219 0.354 0.573 6/H
  Masyn Winn                   SS     23 STL   129  491  72 124  27   0   9   51   9   5   34  102 0.253  0.31 0.363 0.673 *6/H

  -- Pitchers --
  Name                         Pos   Age Tm      W   L   ERA   G  GS  GF  SV     IP    H    R   ER  HR   BB   SO   FIP   WHIP    H9   HR9   BB9   SO9
  ---------------------------------------------------------------------------------------------------------------------------------------------------
  Mick Abel                    SP     23 2TM     3   4  6.23  10   8   1   0   39.0   43   28   27   8   16   39  5.11  1.513   9.9   1.8   3.7   9.0
  Corbin Burnes                SP     30 ARI     3   2  2.66  11  11   0   0   64.1   49   23   19   7   26   63  3.94  1.166   6.9   1.0   3.6   8.8
  Mike Burrows                 SP     25 PIT     2   4  3.94  23  19   0   0   96.0   88   43   42  13   31   97   4.0   1.24   8.3   1.2   2.9   9.1
  Edward Cabrera               SP     27 MIA     8   7  3.53  26  26   0   0  137.2  121   60   54  17   48  150  3.83  1.228   7.9   1.1   3.1   9.8
  Cade Cavalli                 SP     26 WSN     3   1  4.25  10  10   0   0   48.2   57   28   23   7   15   40  4.53  1.479  10.5   1.3   2.8   7.4
  Edwin Diaz                   RP     31 NYM     6   3  1.63  62   0  48  28   66.1   37   14   12   4   21   98  2.28  0.874   5.0   0.5   2.8  13.3
  Hogan Harris                 RP     28 ATH     2   1   3.2  48   0  20   4   64.2   54   26   23   5   33   65  3.71  1.345   7.5   0.7   4.6   9.0
  Griffin Jax                  RP     30 2TM     1   7  4.23  73   2   6   0   66.0   64   33   31   7   21   99  2.51  1.288   8.7   1.0   2.9  13.5
  Jackson Jobe                 SP     22 DET     4   1  4.22  10  10   0   0   49.0   46   24   23   7   27   39  5.18   1.49   8.4   1.3   5.0   7.2
  Dylan Lee                    RP     30 ATL     2   4  3.29  74   0   6   2   68.1   53   27   25  13   14   76   4.0   0.98   7.0   1.7   1.8  10.0
  Reynaldo Lopez               SP     31 ATL     0   0   5.4   1   1   0   0    5.0    9    3    3   1    2    1  6.54    2.2  16.2   1.8   3.6   1.8
  Andres Munoz                 RP     26 SEA     3   3  1.73  64   0  47  38   62.1   36   18   12   2   28   83  2.43  1.027   5.2   0.3   4.0  12.0
  Carlos Rodon                 SP     32 NYY    18   9  3.09  33  33   0   0  195.1  132   74   67  22   73  203  3.78  1.049   6.1   1.0   3.4   9.4
  Framber Valdez               SP     31 HOU    13  11  3.66  31  31   0   0  192.0  171   82   78  15   68  187  3.38  1.245   8.0   0.7   3.2   8.8
  Ryan Walker                  RP     29 SFG     5   7  4.11  68   0  36  17   61.1   60   32   28   4   18   60   3.3  1.272   8.8   0.6   2.6   8.8
  Zack Wheeler                 SP     35 PHI    10   5  2.71  24  24   0   0  149.2  107   48   45  19   33  195   3.0  0.935   6.4   1.1   2.0  11.7
  Gavin Williams               SP     25 CLE    12   5  3.06  31  31   0   0  167.2  130   62   57  23   83  173  4.39   1.27   7.0   1.2   4.5   9.3
  Bryan Woo                    SP     25 SEA    15   7  2.94  30  30   0   0  186.2  137   64   61  26   36  198  3.47  0.927   6.6   1.3   1.7   9.5

  -- Did Not Play --
  Grayson Rodriguez            SP     DNP

=== CEC ===

  -- Batters --
  Name                         Pos   Age Tm      G   AB   R   H  2B  3B  HR  RBI  SB  CS   BB   SO    BA   OBP   SLG   OPS Pos
  ----------------------------------------------------------------------------------------------------------------------------
  Francisco Alvarez            C      23 NYM    76  246  32  63  12   1  11   32   0   0   27   73 0.256 0.339 0.447 0.787 2/HD
  Jonathan Aranda              1B     27 TBR   106  370  56 117  22   0  14   59   0   2   41  107 0.316 0.393 0.489 0.883 3DH
  Alec Burleson                1B     26 STL   139  497  54 144  26   2  18   69   5   1   39   79  0.29 0.343 0.459 0.801 379D/H1
  Owen Caissie*                RF     22 CHC    12   26   4   5   1   0   1    4   0   0    1   11 0.192 0.222 0.346 0.568 /9H7D
  Pete Crow-Armstrong          CF     23 CHC   157  591  91 146  37   4  31   95  35   8   29  155 0.247 0.287 0.481 0.768 *8/HD
  Paul Goldschmidt             1B     37 NYY   145  489  76 134  31   1  10   45   5   1   36  100 0.274 0.328 0.403 0.731 *3H/D8
  Brady House                  3B     22 WSN    73  261  26  61  11   0   4   29   5   3    8   78 0.234 0.252 0.322 0.574 5/H
  Carter Jensen*               C      21 KCR    20   60  12  18   6   0   3   13   0   0    9   12   0.3 0.391  0.55 0.941 2D/H
  Cedric Mullins               CF     30 2TM   133  435  58  94  23   1  17   59  22   4   50  120 0.216 0.299 0.391  0.69 *8/HD
  Geraldo Perdomo              SS     25 ARI   161  597  98 173  33   5  20  100  27   6   94   83  0.29 0.389 0.462 0.851 *6/H
  Austin Riley                 3B     28 ATL   102  416  54 108  20   1  16   54   2   1   27  128  0.26 0.309 0.428 0.737 5
  Brent Rooker                 DH     30 ATH   162  626  92 164  40   3  30   89   6   1   65  155 0.262 0.335 0.479 0.814 *D9/7H
  Tyler Soderstrom             LF     23 ATH   158  561  75 155  34   1  25   93   8   3   55  141 0.276 0.346 0.474  0.82 73H/D
  Edmundo Sosa                 2B     29 PHI    89  243  30  67  12   1  11   39   1   1   10   56 0.276 0.307 0.469 0.777 456H/78D
  Bryson Stott                 2B     27 PHI   147  499  66 128  22   3  13   66  24   5   54   91 0.257 0.328 0.391 0.719 *46H
  Mark Vientos                 3B     25 NYM   121  424  44  99  21   2  17   61   1   0   30  115 0.233 0.289 0.413 0.702 5D/H3
  Jacob Wilson                 SS     23 ATH   125  486  62 151  26   0  13   63   5   2   27   39 0.311 0.355 0.444   0.8 *6/D
  James Wood                   LF     22 WSN   157  598  87 153  38   0  31   94  15   7   85  221 0.256  0.35 0.475 0.825 *7D/H
  Cole Young*                  2B     21 SEA    77  223  24  47   7   1   4   24   1   0   28   47 0.211 0.302 0.305 0.607 4/H6D

  -- Pitchers --
  Name                         Pos   Age Tm      W   L   ERA   G  GS  GF  SV     IP    H    R   ER  HR   BB   SO   FIP   WHIP    H9   HR9   BB9   SO9
  ---------------------------------------------------------------------------------------------------------------------------------------------------
  Jose Alvarado                RP     30 PHI     4   2  3.81  28   0  10   7   26.0   27   12   11   4    7   32   3.6  1.308   9.3   1.4   2.4  11.1
  Chase Burns                  SP     22 CIN     0   3  4.57  13   8   1   0   43.1   41   25   22   5   16   67  2.65  1.315   8.5   1.0   3.3  13.9
  Joey Cantillo                RP     25 CLE     5   3  3.21  34  13  10   1   95.1   78   39   34  10   42  108  3.56  1.259   7.4   0.9   4.0  10.2
  Garrett Crochet              SP     26 BOS    18   5  2.59  32  32   0   0  205.1  165   62   59  24   46  255  2.89  1.028   7.2   1.1   2.0  11.2
  Alexis Diaz                  RP     28 3TM     1   0  8.15  18   0   4   0   17.2   15   17   16   6   12   17  8.51  1.528   7.6   3.1   6.1   8.7
  Connelly Early*              SP     23 BOS     1   2  2.33   4   4   0   0   19.1   17    6    5   0    4   29  0.91  1.086   7.9   0.0   1.9  13.5
  Carlos Estevez               RP     32 KCR     4   5  2.45  67   0  57  42   66.0   48   22   18   5   22   54  3.67  1.061   6.5   0.7   3.0   7.4
  Yimi Garcia                  RP     34 TOR     1   2  3.86  22   0   4   3   21.0   13   10    9   2   12   25  3.85   1.19   5.6   0.9   5.1  10.7
  Kevin Gausman                SP     34 TOR    10  11  3.59  32  32   0   0  193.0  155   79   77  21   50  189  3.42  1.062   7.2   1.0   2.3   8.8
  Merrill Kelly                SP     36 2TM    12   9  3.52  32  32   0   0  184.0  157   79   72  23   48  167  3.76  1.114   7.7   1.1   2.3   8.2
  Pablo Lopez                  SP     29 MIN     5   4  2.74  14  14   0   0   75.2   64   28   23   6   20   73  3.19   1.11   7.6   0.7   2.4   8.7
  Parker Messick*              SP     24 CLE     3   1  2.72   7   7   0   0   39.2   46   12   12   4    6   38  2.98  1.311  10.4   0.9   1.4   8.6
  Cole Ragans                  SP     27 KCR     3   3  4.67  13  13   0   0   61.2   53   33   32   7   20   98   2.5  1.184   7.7   1.0   2.9  14.3
  Drew Rasmussen               SP     29 TBR    10   5  2.76  31  31   0   0  150.0  116   47   46  18   37  127  3.84   1.02   7.0   1.1   2.2   7.6
  Landen Roupp                 SP     26 SFG     7   7   3.8  22  22   0   0  106.2  113   55   45  11   45  102  3.91  1.481   9.5   0.9   3.8   8.6
  Ian Seymour*                 RP     26 TBR     4   3  3.63  19   5   7   0   57.0   48   33   23   5   19   64  3.19  1.175   7.6   0.8   3.0  10.1
  Blake Snell                  SP     32 LAD     5   4  2.35  11  11   0   0   61.1   51   21   16   3   26   72   2.7  1.255   7.5   0.4   3.8  10.6
  Payton Tolle*                RP     22 BOS     0   1  6.06   7   3   2   0   16.1   18   12   11   5    8   19  6.26  1.592   9.9   2.8   4.4  10.5
  Edwin Uceta                  RP     27 TBR    10   3  3.79  70   0  11   1   76.0   62   33   32  11   27  103  3.69  1.171   7.3   1.3   3.2  12.2
  Alex Vesia                   RP     29 LAD     4   2  3.02  68   0  11   5   59.2   37   21   20   9   22   80  3.77  0.989   5.6   1.4   3.3  12.1
  Brandon Woodruff             SP     32 MIL     7   2   3.2  12  12   0   0   64.2   45   26   23   9   14   83  3.17  0.912   6.3   1.3   1.9  11.6

  -- Did Not Play --
  Rhett Lowder                 SP     DNP

=== DHL ===

  -- Batters --
  Name                         Pos   Age Tm      G   AB   R   H  2B  3B  HR  RBI  SB  CS   BB   SO    BA   OBP   SLG   OPS Pos
  ----------------------------------------------------------------------------------------------------------------------------
  Harrison Bader               CF     31 2TM   146  448  61 124  24   1  17   54  11   7   39  136 0.277 0.347 0.449 0.796 *87H/9
  Patrick Bailey               C      26 SFG   135  409  47  91  18   3   6   55   1   0   30  133 0.222 0.277 0.325 0.602 *2H/D
  Matt Chapman                 3B     32 SFG   128  454  76 105  23   2  21   61   9   4   71  126 0.231  0.34  0.43  0.77 *5
  Isaac Collins#               LF     27 MIL   130  372  56  98  22   3   9   54  16   7   57   93 0.263 0.368 0.411 0.779 *7H/9D54
  Adam Frazier                 2B     33 2TM   134  419  43 112  20   0   7   44   8   6   26   81 0.267 0.319 0.365 0.684 47H9/D5
  Danny Jansen                 C      30 2TM    98  288  38  62  11   0  14   36   0   0   42   86 0.215 0.321 0.399 0.721 2H/D
  Zach McKinstry               3B     30 DET   144  452  68 117  23  11  12   49  19   5   46  111 0.259 0.333 0.438 0.771 5697H/4D13
  Jeff McNeil                  2B     33 NYM   122  399  42  97  21   5  12   54   3   0   49   55 0.243 0.335 0.411 0.746 487D/H93
  Gabriel Moreno               C      25 ARI    83  277  44  79  12   1   9   40   2   2   29   53 0.285 0.353 0.433 0.786 2/DH
  Lars Nootbaar                LF     27 STL   135  509  68 119  24   1  13   48   4   5   64  119 0.234 0.325 0.361 0.686 *798/HD
  Shohei Ohtani                DH     30 LAD   158  611 146 172  25   9  55  102  20   6  109  187 0.282 0.392 0.622 1.014 *D1
  Matt Olson                   1B     31 ATL   162  624  98 170  41   2  29   95   1   0   91  176 0.272 0.366 0.484  0.85 *3
  Fernando Tatis Jr.           RF     26 SDP   155  594 111 159  27   2  25   71  32   7   89  129 0.268 0.368 0.446 0.814 *9/D
  Mike Tauchman                RF     34 CHW    93  335  44  88  17   1   9   40   0   0   45   86 0.263 0.356   0.4 0.756 9D/H
  Brice Turang                 2B     25 MIL   156  584  97 168  28   2  18   81  24   8   66  150 0.288 0.359 0.435 0.794 *4/H6
  Anthony Volpe                SS     24 NYY   153  539  65 114  32   4  19   72  18   8   43  150 0.212 0.272 0.391 0.663 *6/H

  -- Pitchers --
  Name                         Pos   Age Tm      W   L   ERA   G  GS  GF  SV     IP    H    R   ER  HR   BB   SO   FIP   WHIP    H9   HR9   BB9   SO9
  ---------------------------------------------------------------------------------------------------------------------------------------------------
  Spencer Arrighetti           SP     25 HOU     1   5  5.35   7   7   0   0   35.1   30   21   21   6   20   31  5.54  1.415   7.6   1.5   5.1   7.9
  Braxton Ashcraft             RP     25 PIT     4   4  2.71  26   8   6   0   69.2   63   22   21   3   24   71  2.78  1.249   8.1   0.4   3.1   9.2
  Scott Barlow                 RP     32 CIN     6   3  4.21  75   1   8   1   68.1   50   35   32   8   45   75   4.7   1.39   6.6   1.1   5.9   9.9
  Matt Brash                   RP     27 SEA     1   3  2.47  53   0   8   4   47.1   41   15   13   4   18   58  3.05  1.246   7.8   0.8   3.4  11.0
  Noah Cameron*                SP     25 KCR     9   7  2.99  24  24   0   0  138.1  109   46   46  18   43  114  4.18  1.099   7.1   1.2   2.8   7.4
  Fernando Cruz                RP     35 NYY     3   4  3.56  49   0   4   2   48.0   33   21   19   5   24   72  3.18  1.188   6.2   0.9   4.5  13.5
  Seranthony Dominguez         RP     30 2TM     4   4  3.16  67   0  15   2   62.2   44   30   22   5   36   79  3.47  1.277   6.3   0.7   5.2  11.3
  Bryce Elder                  SP     26 ATL     8  11   5.3  28  28   0   0  156.1  167   95   92  24   51  131  4.55  1.394   9.6   1.4   2.9   7.5
  Joey Estes                   SP     23 ATH     0   2  9.82   3   2   1   0   11.0   16   12   12   4    6    6  8.68    2.0  13.1   3.3   4.9   4.9
  David Festa                  SP     25 MIN     3   4   5.4  11  10   0   0   53.1   49   35   32  10   19   53  4.88  1.275   8.3   1.7   3.2   8.9
  Tyler Glasnow                SP     31 LAD     4   3  3.19  18  18   0   0   90.1   56   33   32  10   43  106  3.76  1.096   5.6   1.0   4.3  10.6
  Hunter Greene                SP     25 CIN     7   4  2.76  19  19   0   0  107.2   75   35   33  15   26  132  3.28  0.938   6.3   1.3   2.2  11.0
  Jimmy Herget                 RP     31 COL     1   2  2.48  59   0   9   0   83.1   72   24   23   6   26   81  3.32  1.176   7.8   0.6   2.8   8.7
  Brendon Little               RP     28 TOR     4   2  3.03  79   0   4   1   68.1   48   28   23   2   45   91  2.92  1.361   6.3   0.3   5.9  12.0
  Michael Lorenzen             SP     33 KCR     7  11  4.64  27  26   0   0  141.2  149   76   73  25   39  127  4.59  1.327   9.5   1.6   2.5   8.1
  Nolan McLean                 SP     23 NYM     5   1  2.06   8   8   0   0   48.0   34   13   11   4   16   57  2.97  1.042   6.4   0.8   3.0  10.7
  Steven Okert                 RP     33 HOU     3   2  3.01  68   1   7   1   71.2   45   25   24   6   19   84  2.76  0.893   5.7   0.8   2.4  10.5
  David Peterson               SP     29 NYM     9   6  4.22  30  30   0   0  168.2  166   84   79  11   65  150  3.49   1.37   8.9   0.6   3.5   8.0
  Drew Pomeranz*               RP     36 CHC     2   2  2.17  57   4  11   1   49.2   38   14   12   5   15   57  3.36  1.067   6.9   0.9   2.7  10.3
  Randy Rodríguez              RP     25 SFG     3   5  1.78  50   0  15   4   50.2   34   12   10   4   11   67  2.41  0.888   6.0   0.7   2.0  11.9
  Spencer Schwellenbach        SP     25 ATL     7   4  3.09  17  17   0   0  110.2   89   44   38  13   18  108  3.25  0.967   7.2   1.1   1.5   8.8
  Jeffrey Springs              SP     32 ATH    11  11  4.11  32  30   0   0  171.0  153   90   78  28   54  138  4.65  1.211   8.1   1.5   2.8   7.3
  Will Vest                    RP     30 DET     6   5  3.01  64   0  40  23   68.2   61   26   23   4   22   75  2.71  1.209   8.0   0.5   2.9   9.8
  Tyler Wells                  SP     30 BAL     2   1  2.91   4   4   0   0   21.2   17    7    7   4    2   18  4.15  0.877   7.1   1.7   0.8   7.5

=== EEB ===

  -- Batters --
  Name                         Pos   Age Tm      G   AB   R   H  2B  3B  HR  RBI  SB  CS   BB   SO    BA   OBP   SLG   OPS Pos
  ----------------------------------------------------------------------------------------------------------------------------
  Randy Arozarena              LF     30 SEA   160  613  95 146  32   1  27   76  31   6   64  191 0.238 0.334 0.426  0.76 *7/D
  Luis Arraez                  1B     28 SDP   154  620  66 181  30   4   8   61  11   4   34   21 0.292 0.327 0.392 0.719 *3D4/H
  Dylan Beavers*               LF     23 BAL    35  110  16  25   5   1   4   14   2   2   26   36 0.227 0.375   0.4 0.775 79/H
  Alex Bregman                 3B     31 BOS   114  433  64 118  28   0  18   62   1   1   51   70 0.273  0.36 0.462 0.821 *5/HD
  Kristian Campbell            2B     23 BOS    67  229  24  51  10   0   6   21   2   1   29   72 0.223 0.319 0.345 0.664 4/8H7D
  Victor Caratini              C      31 HOU   114  344  35  89  14   0  12   46   1   0   23   65 0.259 0.324 0.404 0.728 2DH3
  Colton Cowser                CF     25 BAL    92  327  36  64  14   0  16   40  14   0   27  128 0.196 0.269 0.385 0.655 87/9HD
  Brendan Donovan              2B     28 STL   118  460  64 132  32   0  10   50   3   3   42   67 0.287 0.353 0.422 0.775 47/6DH
  Vladimir Guerrero Jr.        1B     26 TOR   156  589  96 172  34   0  23   84   6   3   81   94 0.292 0.381 0.467 0.848 *3D/H
  Jung Hoo Lee                 CF     26 SFG   150  560  73 149  31  12   8   55  10   3   47   71 0.266 0.327 0.407 0.735 *8/HD
  Francisco Lindor             SS     31 NYM   160  644 117 172  35   0  31   86  31   6   65  131 0.267 0.346 0.466 0.811 *6/DH
  Josh Lowe                    RF     27 TBR   108  396  56  87  21   2  11   40  18   4   33  109  0.22 0.283 0.366  0.65 9/HD
  Ronny Mauricio               3B     24 NYM    61  168  19  38   6   0   6   10   4   0   15   54 0.226 0.293 0.369 0.663 5H/46D
  Coby Mayo                    1B     23 BAL    85  263  30  57  12   0  11   28   3   0   27   84 0.217 0.299 0.388 0.687 3/DH5
  Ryan Mountcastle             1B     28 BAL    89  332  34  83  18   0   7   35   3   0   15   98  0.25 0.286 0.367 0.653 3D/H
  Agustín Ramírez              C      23 MIA   136  537  72 124  33   1  21   67  16   3   36  113 0.231 0.287 0.413 0.701 2D/H
  Julio Rodriguez              CF     24 SEA   160  652 106 174  31   4  32   95  30   6   44  152 0.267 0.324 0.474 0.798 *8/DH
  Keibert Ruiz                 C      26 WSN    68  255  19  63  12   0   2   25   0   2    8   26 0.247 0.277 0.318 0.595 2/H
  Kyle Tucker                  RF     28 CHC   136  500  91 133  25   4  22   73  25   3   87   88 0.266 0.377 0.464 0.841 *9D/H

  -- Pitchers --
  Name                         Pos   Age Tm      W   L   ERA   G  GS  GF  SV     IP    H    R   ER  HR   BB   SO   FIP   WHIP    H9   HR9   BB9   SO9
  ---------------------------------------------------------------------------------------------------------------------------------------------------
  Keegan Akin                  RP     30 BAL     5   4  3.41  64   3  18   8   63.1   54   28   24  10   33   59  4.94  1.374   7.7   1.4   4.7   8.4
  Shane Baz                    SP     26 TBR    10  12  4.87  31  31   0   0  166.1  158   91   90  26   64  176  4.37  1.335   8.5   1.4   3.5   9.5
  Jose Berrios                 SP     31 TOR     9   5  4.17  31  30   0   0  166.0  160   86   77  26   56  138  4.65  1.301   8.7   1.4   3.0   7.5
  Ben Brown                    SP     25 CHC     5   8  5.92  25  15   3   1  106.1  121   73   70  18   32  121  4.08  1.439  10.2   1.5   2.7  10.2
  Luis Castillo                SP     32 SEA    11   8  3.54  32  32   0   0  180.2  168   76   71  23   46  162  3.88  1.185   8.4   1.1   2.3   8.1
  Emmanuel Clase               RP     27 CLE     5   3  3.23  48   0  41  24   47.1   46   20   17   2   12   47  2.71  1.225   8.7   0.4   2.3   8.9
  Jack Leiter                  SP     25 TEX    10  10  3.86  29  29   0   0  151.2  127   69   65  18   67  148  4.15  1.279   7.5   1.1   4.0   8.8
  Seth Lugo                    SP     35 KCR     8   7  4.15  26  26   0   0  145.1  133   70   67  27   55  125  5.09  1.294   8.2   1.7   3.4   7.7
  Zebby Matthews               SP     25 MIN     5   6  5.56  16  16   0   0   79.1   94   50   49  12   24   88  3.79  1.487  10.7   1.4   2.7  10.0
  Mason Miller                 RP     26 2TM     1   2  2.63  60   0  37  22   61.2   28   19   18   5   28  104  2.23  0.908   4.1   0.7   4.1  15.2
  Joe Ryan                     SP     29 MIN    13  10  3.42  31  30   0   0  171.0  138   69   65  26   39  194  3.74  1.035   7.3   1.4   2.1  10.2
  Cade Smith                   RP     26 CLE     8   5  2.93  76   0  30  16   73.2   55   31   24   4   19  104  1.96  1.005   6.7   0.5   2.3  12.7
  Brandon Sproat               SP     24 NYM     0   2  4.79   4   4   0   0   20.2   18   11   11   0    7   17   2.8   1.21   7.8   0.0   3.0   7.4
  Matt Strahm                  RP     33 PHI     2   3  2.74  66   0  19   6   62.1   47   22   19   5   20   70  2.99  1.075   6.8   0.7   2.9  10.1
  Jonah Tong                   SP     22 NYM     2   3  7.71   5   5   0   0   18.2   24   20   16   3    9   22  4.31  1.768  11.6   1.4   4.3  10.6
  Devin Williams               RP     30 NYY     4   6  4.79  67   0  29  18   62.0   45   37   33   5   25   90  2.68  1.129   6.5   0.7   3.6  13.1

  -- Did Not Play --
  Gerrit Cole                  SP     DNP

=== GFB ===

  -- Batters --
  Name                         Pos   Age Tm      G   AB   R   H  2B  3B  HR  RBI  SB  CS   BB   SO    BA   OBP   SLG   OPS Pos
  ----------------------------------------------------------------------------------------------------------------------------
  Yordan Alvarez               DH     28 HOU    48  165  17  45   8   0   6   27   1   1   28   33 0.273 0.367  0.43 0.797 D7/H
  Nolan Arenado                3B     34 STL   107  401  48  95  18   1  12   52   3   0   28   49 0.237 0.289 0.377 0.666 5/DH
  Josh Bell                    DH     32 WSN   140  468  54 112  17   1  22   63   0   3   57   88 0.239 0.326 0.421 0.747 D3H
  José Caballero               SS     28 2TM   126  314  52  74  18   1   5   36  49  11   47   98 0.236 0.339 0.347 0.686 6954H7/D81
  Jac Caglianone*              RF     22 KCR    62  210  19  33   6   1   7   18   1   0   18   52 0.157 0.237 0.295 0.532 93/DH
  Jazz Chisholm Jr.            2B     27 NYY   130  462  75 112  15   1  31   80  31   8   58  148 0.242 0.332 0.481 0.813 45/H
  J.P. Crawford                SS     30 SEA   157  570  69 151  24   0  12   58   8   1   74  122 0.265 0.352  0.37 0.722 *6/H
  Adolis Garcia                RF     32 TEX   135  507  58 115  28   0  19   75  13   4   28  135 0.227 0.271 0.394 0.665 *9/DH
  Ian Happ                     LF     30 CHC   150  569  87 138  32   0  23   79   6   3   87  151 0.243 0.342  0.42 0.762 *7/DH
  Aaron Judge                  RF     33 NYY   152  541 137 179  30   2  53  114  12   5  124  160 0.331 0.457 0.688 1.144 9D/H
  Trevor Larnach               DH     28 MIN   142  503  62 126  24   1  17   60   4   4   53  122  0.25 0.323 0.404 0.727 D97H
  Brandon Lowe                 2B     30 TBR   134  507  79 130  19   0  31   83   3   2   38  149 0.256 0.307 0.477 0.785 *4/DH3
  Jacob Melton*                CF     24 HOU    32   70   7  11   0   1   0    7   7   2    6   29 0.157 0.234 0.186 0.419 8/7H9
  Logan O'Hoppe                C      25 LAA   119  423  35  90   8   1  19   43   2   1   24  139 0.213 0.258 0.371 0.629 2H/D
  J.T. Realmuto                C      34 PHI   134  502  57 129  26   1  12   52   8   2   35  129 0.257 0.315 0.384   0.7 *2/DH
  Johan Rojas                  CF     24 PHI    71  152  23  34   3   2   1   18  12   2   13   40 0.224  0.28 0.289 0.569 8H/D
  Thomas Saggese               2B     23 STL    82  275  25  71  16   0   2   25   3   0   16   83 0.258 0.299 0.338 0.638 465/HD
  Jesus Sanchez                RF     27 2TM   134  451  61 107  21   4  14   48  13   3   42  110 0.237 0.304 0.395 0.699 *97H8/D
  Alek Thomas                  CF     25 ARI   143  433  51 108  19   3   9   38   7   4   21  122 0.249 0.289  0.37 0.659 *8/HD
  Michael Toglia               1B     26 COL    88  306  22  58  15   1  11   32   3   0   28  132  0.19 0.258 0.353 0.611 3/DH
  Zac Veen*                    LF     23 COL    12   34   1   4   1   0   1    2   1   1    2   14 0.118 0.189 0.235 0.424 /79H

  -- Pitchers --
  Name                         Pos   Age Tm      W   L   ERA   G  GS  GF  SV     IP    H    R   ER  HR   BB   SO   FIP   WHIP    H9   HR9   BB9   SO9
  ---------------------------------------------------------------------------------------------------------------------------------------------------
  Brayan Bello                 SP     26 BOS    11   9  3.35  29  28   0   0  166.2  147   71   62  16   59  124  4.19  1.236   7.9   0.9   3.2   6.7
  Tanner Bibee                 SP     26 CLE    12  11  4.24  31  31   0   0  182.1  170   93   86  27   54  162  4.34  1.229   8.4   1.3   2.7   8.0
  Bubba Chandler               SP     22 PIT     4   1  4.02   7   4   1   1   31.1   25   14   14   2    4   31  2.66  0.926   7.2   0.6   1.1   8.9
  Aaron Civale                 SP     30 3TM     4   9  4.85  23  18   2   1  102.0   96   59   55  16   33   88  4.63  1.265   8.5   1.4   2.9   7.8
  Camilo Doval                 RP     27 2TM     4   3  3.58  69   0  37  16   65.1   51   34   26   4   35   72  3.47  1.316   7.0   0.6   4.8   9.9
  Braydon Fisher               RP     24 TOR     7   0   2.7  52   1  12   0   50.0   32   15   15   4   19   62  3.02   1.02   5.8   0.7   3.4  11.2
  Luis Gil                     SP     27 NYY     4   1  3.32  11  11   0   0   57.0   47   23   21   5   33   41  4.63  1.404   7.4   0.8   5.2   6.5
  Jeff Hoffman                 RP     32 TOR     9   7  4.37  71   0  59  33   68.0   54   34   33  15   27   84   4.9  1.191   7.1   2.0   3.6  11.1
  Brant Hurter                 RP     26 DET     4   3  2.43  43   4   5   2   63.0   57   26   17   4   27   68  3.61  1.333   8.1   0.6   3.9   9.7
  Jakob Junis                  RP     32 CLE     4   1  2.97  57   0   9   0   66.2   64   24   22   5   18   55  3.45   1.23   8.6   0.7   2.4   7.4
  George Kirby                 SP     27 SEA    10   8  4.21  23  23   0   0  126.0  121   60   59  15   29  137  3.37   1.19   8.6   1.1   2.1   9.8
  Michael McGreevy             SP     24 STL     8   4  4.42  17  16   1   0   95.2  100   50   47  12   20   58  4.28  1.254   9.4   1.1   1.9   5.5
  Trevor Megill                RP     31 MIL     6   3  2.49  50   0  44  30   47.0   36   16   13   3   17   60   2.5  1.128   6.9   0.6   3.3  11.5
  Troy Melton                  RP     24 DET     3   2  2.76  16   4   0   0   45.2   31   15   14   7   15   36   4.6  1.007   6.1   1.4   3.0   7.1
  Johan Oviedo                 SP     27 PIT     2   1  3.57   9   9   0   0   40.1   26   17   16   6   23   42  4.92  1.215   5.8   1.3   5.1   9.4
  Cristopher Sanchez           SP     28 PHI    13   5   2.5  32  32   0   0  202.0  171   58   56  12   44  212  2.55  1.064   7.6   0.5   2.0   9.4
  Roki Sasaki                  SP     23 LAD     1   1  4.46  10   8   0   0   36.1   30   18   18   6   22   28  5.81  1.431   7.4   1.5   5.4   6.9
  John Schreiber               RP     31 KCR     3   3   3.8  74   0   8   1   64.0   57   29   27  10   19   62  4.17  1.188   8.0   1.4   2.7   8.7

  -- Did Not Play --
  John Means                   SP     DNP

=== GST ===

  -- Batters --
  Name                         Pos   Age Tm      G   AB   R   H  2B  3B  HR  RBI  SB  CS   BB   SO    BA   OBP   SLG   OPS Pos
  ----------------------------------------------------------------------------------------------------------------------------
  Pete Alonso                  1B     30 NYM   162  624  87 170  41   1  38  126   1   2   61  162 0.272 0.347 0.524 0.871 *3/D
  Jose Altuve                  2B     35 HOU   155  588  80 156  24   1  26   77  10   6   55  109 0.265 0.329 0.442 0.771 4D7/H
  Miguel Andujar               3B     30 2TM    94  321  36 102  17   1  10   44   1   0   17   49 0.318 0.352  0.47 0.822 57DH/39
  Byron Buxton                 CF     31 MIN   126  488  97 129  21   7  35   83  24   0   41  148 0.264 0.327 0.551 0.878 *8/D
  Jarren Duran                 LF     28 BOS   157  620  86 159  41  13  16   84  24   6   60  169 0.256 0.332 0.442 0.774 *78/H9D
  Xavier Edwards               2B     25 MIA   139  561  75 159  20   5   3   43  27   7   49   88 0.283 0.343 0.353 0.695 46/HD
  Jake Fraley                  RF     30 2TM    76  191  31  46   9   0   6   23   4   3   25   49 0.241 0.332 0.382 0.714 9H/7D
  Ivan Herrera                 DH     25 STL   107  388  54 110  13   0  19   66   8   2   43   84 0.284 0.373 0.464 0.837 D2/7H
  Kyle Higashioka              C      35 TEX    94  303  33  73  14   1  11   47   3   1   20   72 0.241 0.291 0.403 0.693 2D/H
  Edouard Julien               1B     26 MIN    64  182  13  40  10   0   3   12   0   3   22   61  0.22 0.309 0.324 0.633 34D/H6
  Ramon Laureano               LF     30 2TM   132  441  72 124  26   2  24   76   7   4   35  119 0.281 0.342 0.512 0.855 *798/DH
  Manny Machado                3B     32 SDP   159  615  91 169  33   0  27   95  14   3   55  131 0.275 0.335  0.46 0.795 *5D
  Carlos Narváez               C      26 BOS   118  403  51  97  27   0  15   50   1   1   38  111 0.241 0.306 0.419 0.726 *2/HD
  Marcell Ozuna                DH     34 ATL   145  487  61 113  19   0  21   68   0   0   94  144 0.232 0.355   0.4 0.756 *D/H
  Rob Refsnyder                RF     34 BOS    70  182  29  49  12   0   9   30   3   0   24   54 0.269 0.354 0.484 0.838 9HD7
  Anthony Santander            DH     30 TOR    54  194  16  34   5   0   6   18   0   0   25   61 0.175 0.271 0.294 0.565 D9/7H3
  Trea Turner                  SS     32 PHI   141  589  94 179  31   7  15   69  36   7   43  107 0.304 0.355 0.457 0.812 *6/DH

  -- Pitchers --
  Name                         Pos   Age Tm      W   L   ERA   G  GS  GF  SV     IP    H    R   ER  HR   BB   SO   FIP   WHIP    H9   HR9   BB9   SO9
  ---------------------------------------------------------------------------------------------------------------------------------------------------
  Shawn Armstrong              RP     34 TEX     4   3  2.31  71   2  22   9   74.0   40   21   19   5   20   74  3.07  0.811   4.9   0.6   2.4   9.0
  Felix Bautista               RP     30 BAL     1   1   2.6  35   0  28  19   34.2   16   10   10   3   23   50  3.37  1.125   4.2   0.8   6.0  13.0
  Ronel Blanco                 SP     31 HOU     3   4   4.1   9   9   0   0   48.1   37   22   22   7   20   48  4.27  1.179   6.9   1.3   3.7   8.9
  Kyle Bradish                 SP     28 BAL     1   1  2.53   6   6   0   0   32.0   23    9    9   3   10   47  2.45  1.031   6.5   0.8   2.8  13.2
  Hunter Brown                 SP     26 HOU    12   9  2.43  31  31   0   0  185.1  133   55   50  17   57  206  3.14  1.025   6.5   0.8   2.8  10.0
  Kris Bubic                   SP     27 KCR     8   7  2.55  20  20   0   0  116.1   98   38   33   6   39  116   2.9  1.178   7.6   0.5   3.0   9.0
  Garrett Cleavinger           RP     31 TBR     2   6  2.35  67   0   9   2   61.1   40   17   16   9   18   82  3.59  0.946   5.9   1.3   2.6  12.0
  Jhoan Duran                  RP     27 2TM     7   6  2.06  72   0  55  32   70.0   58   19   16   3   19   80  2.35    1.1   7.5   0.4   2.4  10.3
  Lucas Erceg                  RP     30 KCR     8   4  2.64  61   0  10   2   61.1   54   19   18   4   18   48  3.49  1.174   7.9   0.6   2.6   7.0
  J.T. Ginn                    SP     26 ATH     4   7  5.08  23  16   0   0   90.1   92   52   51  17   31   99  4.62  1.362   9.2   1.7   3.1   9.9
  Jesus Luzardo                SP     27 PHI    15   7  3.92  32  32   0   0  183.2  167   85   80  16   57  216   2.9   1.22   8.2   0.8   2.8  10.6
  Chris Martin                 RP     39 TEX     2   6  2.98  49   0  10   2   42.1   43   18   14   6    8   43  3.58  1.205   9.1   1.3   1.7   9.1
  Nick Pivetta                 SP     32 SDP    13   5  2.87  31  31   0   0  181.2  129   63   58  22   50  190  3.49  0.985   6.4   1.1   2.5   9.4
  Robbie Ray                   SP     33 SFG    11   8  3.65  32  32   0   0  182.1  148   81   74  22   73  186  3.93  1.212   7.3   1.1   3.6   9.2
  Kumar Rocker                 SP     25 TEX     4   5  5.74  14  14   0   0   64.1   71   42   41  11   23   56  4.88  1.461   9.9   1.5   3.2   7.8
  Kodai Senga                  SP     32 NYM     7   6  3.02  22  22   0   0  113.1   94   44   38  12   55  109  4.12  1.315   7.5   1.0   4.4   8.7
  Caleb Thielbar               RP     38 CHC     3   4  2.64  67   0   4   1   58.0   38   17   17   5   13   56   3.0  0.879   5.9   0.8   2.0   8.7

  -- Did Not Play --
  Cody Bradford                SP     DNP

=== KLO ===

  -- Batters --
  Name                         Pos   Age Tm      G   AB   R   H  2B  3B  HR  RBI  SB  CS   BB   SO    BA   OBP   SLG   OPS Pos
  ----------------------------------------------------------------------------------------------------------------------------
  Jo Adell                     CF     26 LAA   152  526  63 124  18   1  37   98   5   1   33  151 0.236 0.293 0.485 0.778 *89/HD
  Dylan Carlson                LF     26 BAL    83  217  17  44   9   1   6   20   3   3   21   54 0.203 0.278 0.336 0.614 798H
  Evan Carter                  CF     22 TEX    63  194  31  48   9   2   5   25  14   2   19   41 0.247 0.336 0.392 0.728 8/HD
  Luis Garcia                  2B     25 WSN   139  488  67 123  28   1  16   66  14   5   27   84 0.252 0.289 0.412 0.701 *4H/3D
  Hunter Goodman               C      25 COL   144  540  73 150  28   5  31   91   1   2   33  152 0.278 0.323  0.52 0.843 2D/H
  Royce Lewis                  3B     26 MIN   106  376  36  89  18   0  13   52  12   2   25   80 0.237 0.283 0.388 0.671 5/DH
  Jakob Marsee*                CF     24 MIA    55  209  28  61  18   3   5   33  14   6   22   48 0.292 0.363 0.478 0.842 87/9H
  Brandon Marsh                CF     27 PHI   133  379  59 106  25   2  11   43   7   1   38  110  0.28 0.342 0.443 0.785 *87H/9
  Jose Miranda                 3B     27 MIN    12   36   2   6   0   0   1    5   0   0    0   13 0.167 0.167  0.25 0.417 5/H
  Isaac Paredes                3B     26 HOU   102  378  53  96  15   1  20   53   0   1   50   76 0.254 0.352 0.458 0.809 5D/H
  Vinnie Pasquantino           1B     27 KCR   160  621  72 164  33   1  32  113   1   0   49  107 0.264 0.323 0.475 0.798 *3D
  Jeremy Pena                  SS     27 HOU   125  493  68 150  30   2  17   62  20   2   35   93 0.304 0.363 0.477  0.84 *6/HD
  Heliot Ramos                 LF     25 SFG   157  620  85 159  24   1  21   69   6   4   52  158 0.256 0.328   0.4 0.728 *7/DH
  Luis Robert                  CF     27 CHW   110  382  52  85  12   0  14   53  33   8   40  112 0.223 0.297 0.364 0.661 8/DH
  Nolan Schanuel               1B     23 LAA   132  488  64 129  23   1  12   53   5   1   59   71 0.264 0.353 0.389 0.742 *3
  Lenyn Sosa                   2B     25 CHW   140  518  57 137  20   1  22   75   2   1   18  127 0.264 0.293 0.434 0.727 43D/H5
  Tyler Stephenson             C      28 CIN    88  299  40  69  18   0  13   50   0   1   37  116 0.231 0.316 0.421 0.737 2D/H
  Austin Wells                 C      25 NYY   126  401  51  88  22   1  21   71   5   1   30  118 0.219 0.275 0.436 0.712 *2/HD

  -- Pitchers --
  Name                         Pos   Age Tm      W   L   ERA   G  GS  GF  SV     IP    H    R   ER  HR   BB   SO   FIP   WHIP    H9   HR9   BB9   SO9
  ---------------------------------------------------------------------------------------------------------------------------------------------------
  Graham Ashcraft              RP     27 CIN     8   5  3.99  62   0   5   0   65.1   68   37   29   2   25   64  2.72  1.423   9.4   0.3   3.4   8.8
  Taj Bradley                  SP     24 2TM     6   8  5.05  27  27   0   0  142.2  131   88   80  19   56  127  4.35  1.311   8.3   1.2   3.5   8.0
  Jack Dreyer*                 RP     26 LAD     3   2  2.95  67   5  14   4   76.1   56   26   25   4   24   74  2.82  1.048   6.6   0.5   2.8   8.7
  Zach Eflin                   SP     31 BAL     6   5  5.93  14  14   0   0   71.1   88   48   47  18   13   50  5.65  1.416  11.1   2.3   1.6   6.3
  Orion Kerkering              RP     24 PHI     8   4   3.3  69   0  12   4   60.0   55   28   22   6   27   65  3.82  1.367   8.3   0.9   4.1   9.8
  Bryan King                   RP     28 HOU     5   4  2.78  68   0  11   2   68.0   60   21   21  10   11   69  3.68  1.044   7.9   1.3   1.5   9.1
  Matthew Liberatore           SP     25 STL     8  12  4.21  29  29   0   0  151.2  158   79   71  19   40  122  4.03  1.305   9.4   1.1   2.4   7.2
  Bobby Miller                 SP     26 LAD     0   0  12.6   2   1   1   0    5.0   11    7    7   2    2    7  7.34    2.6  19.8   3.6   3.6  12.6
  Casey Mize                   SP     28 DET    14   6  3.87  28  28   0   0  149.0  153   68   64  21   36  139  3.89  1.268   9.2   1.3   2.2   8.4
  Adrian Morejon               RP     26 SDP    13   6  2.08  75   0   9   3   73.2   49   23   17   2   17   70  2.28  0.896   6.0   0.2   2.1   8.6
  Sean Newcomb                 RP     32 2TM     2   5  2.73  48   5  11   2   92.1   94   36   28   5   31   91  3.04  1.354   9.2   0.5   3.0   8.9
  Bailey Ober                  SP     29 MIN     6   9   5.1  27  27   0   0  146.1  159   84   83  30   31  120   4.9  1.298   9.8   1.8   1.9   7.4
  Reese Olson                  SP     25 DET     4   4  3.15  13  13   0   0   68.2   58   24   24   5   25   65   3.5  1.209   7.6   0.7   3.3   8.5
  Andre Pallante               SP     26 STL     6  15  5.31  31  31   0   0  162.2  173  109   96  21   62  111  4.69  1.445   9.6   1.2   3.4   6.1
  Nate Pearson                 RP     28 CHC     0   1   9.2  11   0   4   0   14.2   22   15   15   2   10    7   6.2  2.182  13.5   1.2   6.1   4.3
  Trevor Rogers                SP     27 BAL     9   3  1.81  18  18   0   0  109.2   70   23   22   6   29  103  2.82  0.903   5.7   0.5   2.4   8.5
  Cam Schlittler               SP     24 NYY     4   3  2.96  14  14   0   0   73.0   58   24   24   8   31   84  3.74  1.219   7.2   1.0   3.8  10.4
  Bennett Sousa                RP     30 HOU     5   1  2.84  44   0  13   4   50.2   37   18   16   4   15   59  2.72  1.026   6.6   0.7   2.7  10.5
  Gabe Speier                  RP     30 SEA     4   3  2.61  76   0   4   0   62.0   43   19   18   5   11   82  2.31  0.871   6.2   0.7   1.6  11.9
  Matt Svanson                 RP     26 STL     4   0  1.94  39   0  10   0   60.1   33   14   13   3   20   68  2.72  0.878   4.9   0.4   3.0  10.1
  Ryan Weathers                SP     25 MIA     2   2  3.99   8   8   0   0   38.1   37   20   17   7   12   37   4.6  1.278   8.7   1.6   2.8   8.7
  Simeon Woods Richardson      SP     24 MIN     7   4  4.04  23  22   0   0  111.1   96   53   50  17   46  107  4.52  1.275   7.8   1.4   3.7   8.6
  Yoshinobu Yamamoto           SP     26 LAD    12   8  2.49  30  30   0   0  173.2  113   53   48  14   59  201  2.94   0.99   5.9   0.7   3.1  10.4

=== KLQ ===

  -- Batters --
  Name                         Pos   Age Tm      G   AB   R   H  2B  3B  HR  RBI  SB  CS   BB   SO    BA   OBP   SLG   OPS Pos
  ----------------------------------------------------------------------------------------------------------------------------
  Wilyer Abreu                 RF     26 BOS   115  373  53  92  17   0  22   69   6   3   40  101 0.247 0.317 0.469 0.786 9H/D
  Cody Bellinger               LF     29 NYY   152  588  89 160  25   5  29   98  13   2   57   90 0.272 0.334  0.48 0.813 *798/3H
  Andrew Benintendi            LF     30 CHW   116  420  57 101  16   2  20   63   1   0   40   82  0.24 0.307 0.431 0.738 7D/H
  Mookie Betts                 SS     32 LAD   150  589  95 152  23   2  20   82   8   2   61   68 0.258 0.326 0.406 0.732 *6/H9
  Kerry Carpenter              RF     27 DET   130  433  66 109  18   5  26   62   1   1   18  106 0.252 0.291 0.497 0.788 9D7H
  William Contreras            C      27 MIL   150  566  89 147  28   0  17   76   6   4   84  120  0.26 0.355 0.399 0.754 *2D/37
  Carlos Correa                SS     30 2TM   144  537  63 148  29   0  13   52   0   0   45  113 0.276 0.332 0.402 0.734 65/H
  Mitch Garver                 C      34 SEA    87  254  29  53   5   1   9   30   3   0   30   80 0.209 0.297 0.343 0.639 2DH
  Romy Gonzalez                1B     28 BOS    96  315  47  96  23   3   9   53   6   5   18   81 0.305 0.343 0.483 0.826 34H/D5
  Steven Kwan                  LF     27 CLE   156  625  81 170  29   1  11   56  21   5   55   60 0.272  0.33 0.374 0.705 *7/D8
  Wyatt Langford               LF     23 TEX   134  489  73 118  25   1  22   62  22   6   74  151 0.241 0.344 0.431 0.775 *78/H
  Juan Soto                    RF     26 NYM   160  577 120 152  20   1  43  105  38   4  127  137 0.263 0.396 0.525 0.921 *9/D
  Myles Straw                  CF     30 TOR   137  267  51  70  14   1   4   32  12   1   19   50 0.262 0.313 0.367  0.68 *87H9/4
  Dansby Swanson               SS     31 CHC   159  590  84 144  24   3  24   77  20   3   47  168 0.244   0.3 0.417 0.717 *6
  Andrew Vaughn                1B     27 2TM   112  406  35 103  22   0  14   65   0   0   31   80 0.254 0.307 0.411 0.719 3D/H
  Jordan Westburg              3B     26 BAL    85  328  59  87  10   1  17   41   1   2   17   80 0.265 0.313 0.457  0.77 54D/H

  -- Pitchers --
  Name                         Pos   Age Tm      W   L   ERA   G  GS  GF  SV     IP    H    R   ER  HR   BB   SO   FIP   WHIP    H9   HR9   BB9   SO9
  ---------------------------------------------------------------------------------------------------------------------------------------------------
  Jose Butto                   RP     27 2TM     5   3   3.9  55   0   9   1   67.0   62   31   29   4   32   58   3.7  1.403   8.3   0.5   4.3   7.8
  Dylan Cease                  SP     29 SDP     8  12  4.55  32  32   0   0  168.0  152   91   85  21   71  215  3.56  1.327   8.1   1.1   3.8  11.5
  Nic Enright                  RP     28 CLE     2   1  2.03  27   0   8   1   31.0   24    8    7   3   12   30  3.81  1.161   7.0   0.9   3.5   8.7
  Didier Fuentes               SP     20 ATL     0   3 13.85   4   4   0   0   13.0   23   20   20   6    6   12  9.14  2.231  15.9   4.2   4.2   8.3
  Hunter Gaddis                RP     27 CLE     2   2  3.11  73   0   8   3   66.2   58   24   23   8   21   73   3.5  1.185   7.8   1.1   2.8   9.9
  Logan Gilbert                SP     28 SEA     6   6  3.44  25  25   0   0  131.0  104   53   50  20   31  173  3.35  1.031   7.1   1.4   2.1  11.9
  Tony Gonsolin                SP     31 LAD     3   2   5.0   7   7   0   0   36.0   33   21   20   9   18   38  6.02  1.417   8.3   2.3   4.5   9.5
  Jake Irvin                   SP     28 WSN     9  13   5.7  33  33   0   0  180.0  195  120  114  38   62  124  5.64  1.428   9.8   1.9   3.1   6.2
  Hoby Milner                  RP     34 TEX     3   4  3.84  73   0  10   0   70.1   68   35   30   5   21   58  3.39  1.265   8.7   0.6   2.7   7.4
  Aaron Nola                   SP     32 PHI     5  10  6.01  17  17   0   0   94.1   99   65   63  18   28   97  4.58  1.346   9.4   1.7   2.7   9.3
  Daniel Palencia              RP     25 CHC     1   6  2.91  54   0  38  22   52.2   44   19   17   5   16   61  3.08  1.139   7.5   0.9   2.7  10.4
  Chad Patrick                 SP     26 MIL     3   8  3.53  27  23   0   0  119.2  113   49   47  13   40  127  3.53  1.279   8.5   1.0   3.0   9.6
  Taylor Rogers                RP     34 2TM     3   2  3.38  57   0   8   0   50.2   47   25   19   7   23   53  4.38  1.382   8.3   1.2   4.1   9.4
  JoJo Romero                  RP     28 STL     4   6  2.07  65   0  16   8   61.0   47   21   14   2   29   55  3.28  1.246   6.9   0.3   4.3   8.1
  Shane Smith                  SP     25 CHW     7   8  3.81  29  29   0   0  146.1  117   70   62  17   58  145   4.1  1.196   7.2   1.0   3.6   8.9
  José Soriano                 SP     26 LAA    10  11  4.26  31  31   0   0  169.0  158   89   80  12   78  152  3.73  1.396   8.4   0.6   4.2   8.1
  Ranger Suarez                SP     29 PHI    12   8   3.2  26  26   0   0  157.1  154   57   56  14   38  151  3.21   1.22   8.8   0.8   2.2   8.6
  Justin Topa                  RP     34 MIN     1   5   3.9  54   1  17   4   60.0   68   32   26   2   18   49  3.04  1.433  10.2   0.3   2.7   7.4
  Cole Winn                    RP     25 TEX     0   1  1.51  33   0  10   0   41.2   23    8    7   3   17   35   3.9   0.96   5.0   0.6   3.7   7.6

  -- Did Not Play --
  Garrett Cooper               1B     DNP
  Jordan Montgomery            SP     DNP
  Matt Moore                   RP     DNP
  Zach Plesac                  SP     DNP

=== KSS ===

  -- Batters --
  Name                         Pos   Age Tm      G   AB   R   H  2B  3B  HR  RBI  SB  CS   BB   SO    BA   OBP   SLG   OPS Pos
  ----------------------------------------------------------------------------------------------------------------------------
  CJ Abrams                    SS     24 WSN   144  580  92 149  35   5  19   60  31   3   37  125 0.257 0.315 0.433 0.748 *6/HD
  Orlando Arcia                SS     30 2TM    76  203  13  41   7   1   3   13   0   1   10   47 0.202 0.238 0.291 0.529 6453/HD
  Lawrence Butler              RF     24 ATH   152  569  83 133  30   2  21   63  22   7   59  179 0.234 0.306 0.404  0.71 *98H
  Jeimer Candelario            3B     31 CIN    22   80   3   9   2   0   2   10   0   1    9   29 0.113 0.198 0.213  0.41 5/3D
  Rafael Devers                DH     28 2TM   163  607  99 153  33   0  35  109   1   1  112  192 0.252 0.372 0.479 0.851 *D3/5H
  Zack Gelof                   2B     25 ATH    30   92  12  16   3   0   2    7   1   2    7   46 0.174  0.23 0.272 0.502 4
  Nolan Gorman                 3B     25 STL   111  351  48  72  14   1  14   46   1   1   47  136 0.205 0.296  0.37 0.666 54D/H3
  Austin Hays                  LF     29 CIN   103  380  60 101  16   5  15   64   7   0   29  107 0.266 0.315 0.453 0.768 7D/H
  Spencer Horwitz              1B     27 PIT   108  364  55  99  26   0  11   51   0   1   44   73 0.272 0.353 0.434 0.787 3H/4D
  Jose Iglesias                2B     35 SDP   112  306  29  70  11   0   3   36   5   1   24   56 0.229 0.298 0.294 0.592 465HD/7
  Jace Jung                    3B     24 DET    21   47   8   5   0   0   0    3   0   0    7   16 0.106 0.236 0.106 0.343 5/H
  Kyle Manzardo                DH     24 CLE   142  470  47 110  19   2  27   70   2   0   48  135 0.234 0.313 0.455 0.768 D3H
  Ryan McMahon                 3B     30 2TM   154  509  62 109  23   1  20   53   3   1   70  189 0.214 0.312 0.381 0.693 *5/HD
  Jackson Merrill              CF     22 SDP   115  440  59 116  25   6  16   67   1   2   33  108 0.264 0.317 0.457 0.774 *8/H
  Sean Murphy                  C      30 ATL    94  291  34  58  13   0  16   45   0   0   35  105 0.199   0.3 0.409 0.709 2H/D
  Ryan O'Hearn                 1B     31 2TM   144  474  67 133  21   1  17   63   3   1   58  109 0.281 0.366 0.437 0.803 3D9H/7
  Jorge Polanco                DH     31 SEA   138  471  64 125  30   0  26   78   6   3   42   82 0.265 0.326 0.495 0.821 D4H/53
  Jose Ramirez                 3B     32 CLE   158  593 103 168  34   3  30   85  44   7   66   74 0.283  0.36 0.503 0.863 *5D
  Adley Rutschman              C      27 BAL    90  322  37  71  16   2   9   29   0   0   40   57  0.22 0.307 0.366 0.673 2D/H
  Taylor Ward                  LF     31 LAA   157  579  86 132  31   2  36  103   4   1   75  175 0.228 0.317 0.475 0.792 *7/DH
  Mike Yastrzemski             RF     34 2TM   146  477  68 111  28   1  17   46   7   2   72  108 0.233 0.333 0.403 0.735 *9H8/7D1

  -- Pitchers --
  Name                         Pos   Age Tm      W   L   ERA   G  GS  GF  SV     IP    H    R   ER  HR   BB   SO   FIP   WHIP    H9   HR9   BB9   SO9
  ---------------------------------------------------------------------------------------------------------------------------------------------------
  Logan Allen                  SP     26 CLE     8  11  4.25  30  29   0   0  156.2  157   84   74  18   62  122  4.37  1.398   9.0   1.0   3.6   7.0
  Tyler Anderson               SP     35 LAA     2   8  4.56  26  26   0   0  136.1  135   73   69  28   57  104   5.6  1.408   8.9   1.8   3.8   6.9
  Jeremiah Estrada             RP     26 SDP     4   5  3.45  77   0   7   3   73.0   58   31   28  12   27  108  3.55  1.164   7.2   1.5   3.3  13.3
  Pete Fairbanks               RP     31 TBR     4   5  2.83  61   0  48  27   60.1   45   22   19   7   18   59  3.63  1.044   6.7   1.0   2.7   8.8
  Bowden Francis               SP     29 TOR     2   8  6.05  14  14   0   0   64.0   71   46   43  19   27   54  6.85  1.531  10.0   2.7   3.8   7.6
  Mitch Keller                 SP     29 PIT     6  15  4.19  32  32   0   0  176.1  171   91   82  21   51  150  4.02  1.259   8.7   1.1   2.6   7.7
  Kevin Kelly                  RP     27 TBR     2   5   5.9  41   0  13   0   39.2   45   29   26  11    9   35  5.66  1.361  10.2   2.5   2.0   7.9
  Andrew Kittredge             RP     35 2TM     4   3   3.4  54   0  17   5   53.0   41   22   20   7   11   64  3.06  0.981   7.0   1.2   1.9  10.9
  Michael Kopech               RP     29 LAD     0   0  2.45  14   0   1   0   11.0    6    3    3   0   13   12   4.5  1.727   4.9   0.0  10.6   9.8
  Dean Kremer                  SP     29 BAL    11  10  4.19  31  29   0   0  171.2  163   83   80  22   45  142  3.97  1.212   8.5   1.2   2.4   7.4
  Ben Lively                   SP     33 CLE     2   2  3.22   9   9   0   0   44.2   38   16   16   6   15   29  4.59  1.187   7.7   1.2   3.0   5.8
  Nick Martinez                SP     34 CIN    11  14  4.45  40  26   2   0  165.2  158   86   82  22   42  116  4.33  1.207   8.6   1.2   2.3   6.3
  Jose Quintana                SP     36 MIL    11   7  3.96  24  24   0   0  131.2  120   65   58  18   50   89  4.81  1.291   8.2   1.2   3.4   6.1
  Colin Rea                    SP     34 CHC    11   7  3.95  32  27   3   1  159.1  155   73   70  20   44  127  4.12  1.249   8.8   1.1   2.5   7.2
  Tanner Scott                 RP     30 LAD     1   4  4.74  61   0  33  23   57.0   54   33   30  11   18   60   4.7  1.263   8.5   1.7   2.8   9.5
  Luis Severino                SP     31 ATH     8  11  4.54  29  29   0   0  162.2  162   93   82  16   50  124  4.11  1.303   9.0   0.9   2.8   6.9
  Ryne Stanek                  RP     33 NYM     4   6   5.3  65   0  17   3   56.0   56   39   33   7   32   58   4.4  1.571   9.0   1.1   5.1   9.3
  Brent Suter                  RP     35 CIN     1   2  4.52  48   3  19   0   67.2   69   38   34  11   18   53  4.57  1.286   9.2   1.5   2.4   7.0
  Ryan Yarbrough               RP     33 NYY     3   1  4.36  19   8   4   1   64.0   58   31   31  13   19   55  5.04  1.203   8.2   1.8   2.7   7.7
  Kirby Yates                  RP     38 LAD     4   3  5.23  50   0  15   3   41.1   38   26   24   9   17   52  4.76  1.331   8.3   2.0   3.7  11.3

=== MHH ===

  -- Batters --
  Name                         Pos   Age Tm      G   AB   R   H  2B  3B  HR  RBI  SB  CS   BB   SO    BA   OBP   SLG   OPS Pos
  ----------------------------------------------------------------------------------------------------------------------------
  Alex Call                    RF     30 2TM   110  270  43  72  13   2   5   31   2   1   36   55 0.267 0.361 0.385 0.746 97H/D8
  Yandy Diaz                   DH     33 TBR   150  583  79 175  29   1  25   83   3   1   57   92   0.3 0.366 0.482 0.848 *D3
  Trent Grisham                CF     28 NYY   143  494  87 116   9   1  34   74   3   2   82  137 0.235 0.348 0.464 0.811 *8/H
  Teoscar Hernandez            RF     32 LAD   134  511  65 126  29   1  25   89   5   2   26  134 0.247 0.284 0.454 0.738 *9/H
  Jonathan India               2B     28 KCR   136  497  63 116  29   0   9   45   0   4   54  106 0.233 0.323 0.346 0.669 4D75/H
  Carson Kelly                 C      30 CHC   111  369  48  92  13   1  17   50   2   0   45   80 0.249 0.333 0.428 0.761 2/HD
  Ha-Seong Kim                 SS     29 2TM    48  171  19  40   4   0   5   17   6   2   16   39 0.234 0.304 0.345 0.649 6/4H
  Nathan Lukes                 RF     30 TOR   135  388  55  99  19   2  12   65   2   4   38   60 0.255 0.323 0.407  0.73 *978H/D
  Gavin Lux                    DH     27 CIN   140  446  49 120  28   2   5   53   1   0   56  114 0.269  0.35 0.374 0.724 D74H/5
  Ketel Marte                  2B     31 ARI   126  480  87 136  28   0  28   72   4   2   64   83 0.283 0.376 0.517 0.893 4D/H
  Jake Meyers                  CF     29 HOU   104  343  53 100  15   2   3   24  16   5   31   67 0.292 0.354 0.373 0.727 8/H
  Garrett Mitchell             CF     26 MIL    25   68   9  14   4   1   0    3   3   0    7   25 0.206 0.286 0.294  0.58 8/H
  Josh Naylor                  1B     28 2TM   147  543  81 160  29   1  20   92  30   2   48   83 0.295 0.353 0.462 0.816 *3D/H
  Brandon Nimmo                LF     32 NYM   155  587  81 154  27   0  25   92  13   1   50  141 0.262 0.324 0.436  0.76 *7/8DH
  Joc Pederson                 DH     33 TEX    96  265  28  48  10   1   9   26   2   0   34   65 0.181 0.285 0.328 0.614 DH/39
  Salvador Perez               C      35 KCR   155  597  54 141  35   0  30  100   0   0   28  125 0.236 0.284 0.446 0.729 2D3
  Luis Rengifo                 3B     28 LAA   147  501  55 119  16   3   9   43  10   7   33  104 0.238 0.287 0.335 0.622 54H/9768D
  Bryan Reynolds               RF     30 PIT   154  587  68 144  38   3  16   73   3   2   57  173 0.245 0.318 0.402  0.72 *9D/H
  Trevor Story                 SS     32 BOS   157  612  91 161  29   0  25   96  31   1   33  176 0.263 0.308 0.433 0.741 *6/HD
  Kyle Stowers                 LF     27 MIA   117  399  61 115  21   3  25   73   5   1   48  125 0.288 0.368 0.544 0.912 79H8/D
  Eugenio Suarez               3B     33 2TM   159  588  91 134  28   0  49  118   4   1   46  196 0.228 0.298 0.526 0.824 *5/D3H

  -- Pitchers --
  Name                         Pos   Age Tm      W   L   ERA   G  GS  GF  SV     IP    H    R   ER  HR   BB   SO   FIP   WHIP    H9   HR9   BB9   SO9
  ---------------------------------------------------------------------------------------------------------------------------------------------------
  Jason Adam                   RP     33 SDP     8   4  1.93  65   0   4   0   65.1   50   18   14   4   25   70  3.07  1.148   6.9   0.6   3.4   9.6
  Anthony Bender               RP     30 MIA     3   5  2.16  51   0  12   4   50.0   32   13   12   3   21   42  3.62   1.06   5.8   0.5   3.8   7.6
  Ryan Bergert                 SP     25 2TM     2   2  3.66  19  15   2   0   76.1   61   32   31   8   35   73   4.0  1.258   7.2   0.9   4.1   8.6
  Matthew Boyd                 SP     34 CHC    14   8  3.21  31  31   0   0  179.2  154   69   64  19   42  154  3.65  1.091   7.7   1.0   2.1   7.7
  Aroldis Chapman              RP     37 BOS     5   3  1.17  67   0  43  32   61.1   28    9    8   3   15   85  1.73  0.701   4.1   0.4   2.2  12.5
  Adrian Houser                SP     32 2TM     8   5  3.31  21  21   0   0  125.0  122   49   46  10   38   92  3.81   1.28   8.8   0.7   2.7   6.6
  Zack Littell                 SP     29 2TM    10   8  3.81  32  32   0   0  186.2  174   81   79  36   32  130  4.88  1.104   8.4   1.7   1.5   6.3
  Tyler Mahle                  SP     30 TEX     6   4  2.18  16  16   0   0   86.2   69   21   21   5   29   66  3.37  1.131   7.2   0.5   3.0   6.9
  Isaac Mattson                RP     29 PIT     3   3  2.45  44   0  12   0   47.2   35   14   13   4   19   45  3.66  1.133   6.6   0.8   3.6   8.5
  Steven Matz                  RP     34 2TM     5   2  3.05  53   2   4   2   76.2   73   31   26   8   11   59  3.46  1.096   8.6   0.9   1.3   6.9
  Ryne Nelson                  SP     27 ARI     7   3  3.39  33  23   4   1  154.0  124   62   58  17   41  132  3.73  1.071   7.2   1.0   2.4   7.7
  Riley O'Brien                RP     30 STL     3   1  2.06  42   0  15   6   48.0   33   13   11   2   22   45  3.62  1.146   6.2   0.4   4.1   8.4
  Tyler Rogers                 RP     34 2TM     4   6  1.98  81   0  13   0   77.1   66   20   17   4    7   48  2.88  0.944   7.7   0.5   0.8   5.6
  Tony Santillan               RP     28 CIN     1   5  2.44  80   0  16   7   73.2   53   23   20   7   29   75  3.72  1.113   6.5   0.9   3.5   9.2
  Albert Suárez                RP     35 BAL     2   0  2.31   5   1   3   0   11.2    9    4    3   0    2   10  2.19  0.943   6.9   0.0   1.5   7.7
  Mike Vasil                   RP     25 CHW     5   3   2.5  47   3  17   4  101.0   74   32   28   8   52   82  4.32  1.248   6.6   0.7   4.6   7.3
  Randy Vásquez                SP     26 SDP     6   7  3.84  28  26   1   0  133.2  125   59   57  16   52   78  4.85  1.324   8.4   1.1   3.5   5.3
  Hurston Waldrep              SP     23 ATL     6   1  2.88  10   9   0   0   56.1   45   18   18   3   22   55  3.21  1.189   7.2   0.5   3.5   8.8
  Taijuan Walker               SP     32 PHI     5   8  4.08  34  21   4   1  123.2  132   62   56  21   42   86  5.07  1.407   9.6   1.5   3.1   6.3

=== MHM ===

  -- Batters --
  Name                         Pos   Age Tm      G   AB   R   H  2B  3B  HR  RBI  SB  CS   BB   SO    BA   OBP   SLG   OPS Pos
  ----------------------------------------------------------------------------------------------------------------------------
  Javier Baez                  SS     32 DET   126  417  55 107  17   3  12   57   5   1   10  109 0.257 0.282 0.398  0.68 6854/H
  Addison Barger               3B     25 TOR   135  460  61 112  32   1  21   74   4   1   36  121 0.243 0.301 0.454 0.756 59H/D
  Paul DeJong                  3B     31 WSN    57  193  18  44  10   0   6   23   4   0   11   70 0.228 0.269 0.373 0.642 546/D3H
  Yainer Diaz                  C      26 HOU   143  542  56 139  25   1  20   70   1   1   20   95 0.256 0.284 0.417 0.701 *2D/H
  Freddy Fermin                C      30 2TM   109  319  32  80  13   0   5   26   1   2   19   65 0.251 0.297 0.339 0.636 2/HD4
  Freddie Freeman              1B     35 LAD   147  556  81 164  39   2  24   90   6   2   60  128 0.295 0.367 0.502 0.869 *3/H
  Lourdes Gurriel Jr.          LF     31 ARI   129  500  52 124  24   2  19   80  10   4   31   76 0.248 0.295 0.418 0.713 *7D/H
  Nico Hoerner                 2B     28 CHC   156  599  89 178  29   4   7   61  29   6   39   49 0.297 0.345 0.394 0.739 *4/6
  Jackson Holliday             2B     21 BAL   149  586  70 142  21   3  17   55  17  11   56  140 0.242 0.314 0.375  0.69 *4/6DH
  Daylen Lile*                 RF     22 WSN    91  321  51  96  15  11   9   41   8   6   21   56 0.299 0.347 0.498 0.845 97D/H
  Matt McLain                  2B     25 CIN   147  510  73 112  18   0  15   50  18   2   55  167  0.22   0.3 0.343 0.643 *4/6HD
  Yoan Moncada                 3B     30 LAA    84  248  39  58  13   2  12   35   0   0   32   75 0.234 0.336 0.448 0.783 5H/D
  Andy Pages                   CF     24 LAD   156  581  74 158  27   1  27   86  14   7   29  135 0.272 0.313 0.461 0.774 *897
  Jurickson Profar             LF     32 ATL    80  318  56  78  16   1  14   43   9   2   48   59 0.245 0.353 0.434 0.787 7/D
  Cam Smith                    RF     22 HOU   134  441  55 104  21   3   9   51   8   1   43  137 0.236 0.312 0.358 0.671 *9H/D
  Jorge Soler                  RF     33 LAA    82  279  31  60  12   0  12   34   0   0   28   94 0.215 0.293 0.387  0.68 9D/H
  Mike Trout                   DH     33 LAA   130  456  73 106  14   1  26   64   2   0   87  178 0.232 0.359 0.439 0.797 D9/H
  Matt Vierling                CF     28 DET    31   88   6  21   3   0   1   11   2   0    7   24 0.239  0.31 0.307 0.617 8/7H59D
  Matt Wallner                 RF     27 MIN   104  336  47  68  16   3  22   40   4   3   46  114 0.202 0.311 0.464 0.776 9D/H

  -- Pitchers --
  Name                         Pos   Age Tm      W   L   ERA   G  GS  GF  SV     IP    H    R   ER  HR   BB   SO   FIP   WHIP    H9   HR9   BB9   SO9
  ---------------------------------------------------------------------------------------------------------------------------------------------------
  Andrew Abbott                SP     26 CIN    10   7  2.87  29  29   0   0  166.1  148   60   53  19   43  149  3.66  1.148   8.0   1.0   2.3   8.1
  Sandy Alcantara              SP     29 MIA    11  12  5.36  31  31   0   0  174.2  165  107  104  22   57  142  4.28  1.271   8.5   1.1   2.9   7.3
  Ian Anderson                 RP     27 LAA     0   1 11.57   7   0   4   0    9.1   17   13   12   2    7    8  6.46  2.571  16.4   1.9   6.8   7.7
  Javier Assad                 SP     27 CHC     4   1  3.65   8   7   0   0   37.0   33   15   15   3   12   23  4.24  1.216   8.0   0.7   2.9   5.6
  Kyle Freeland                SP     32 COL     5  17  4.98  31  31   0   0  162.2  193  105   90  22   38  124  4.18   1.42  10.7   1.2   2.1   6.9
  Luis Garcia                  SP     28 HOU     1   0  3.52   2   2   0   0    7.2    3    3    3   2    1    7  5.48  0.522   3.5   2.3   1.2   8.2
  Porter Hodge                 RP     24 CHC     2   2  6.27  36   0  10   2   33.0   34   24   23   9   18   40  5.89  1.576   9.3   2.5   4.9  10.9
  Raisel Iglesias              RP     35 ATL     4   6  3.21  70   0  57  29   67.1   51   25   24   8   16   73  3.31  0.995   6.8   1.1   2.1   9.8
  Shota Imanaga                SP     31 CHC     9   8  3.73  25  25   0   0  144.2  117   62   60  31   26  117  4.86  0.988   7.3   1.9   1.6   7.3
  Cristian Javier              SP     28 HOU     2   4  4.62   8   8   0   0   37.0   32   22   19   3   15   34  3.65   1.27   7.8   0.7   3.6   8.3
  Brad Keller                  RP     29 CHC     4   2  2.07  68   1  12   3   69.2   45   18   16   4   22   75  2.94  0.962   5.8   0.5   2.8   9.7
  Clayton Kershaw              SP     37 LAD    11   2  3.36  23  22   0   0  112.2  102   46   42   8   35   84  3.55  1.216   8.1   0.6   2.8   6.7
  Eric Lauer                   SP     30 TOR     9   2  3.18  28  15   2   0  104.2   90   39   37  15   26  102  3.85  1.108   7.7   1.3   2.2   8.8
  Justin Lawrence              RP     30 PIT     1   0  0.51  17   0   3   0   17.2    9    1    1   0    8   23  2.23  0.962   4.6   0.0   4.1  11.7
  Brad Lord                    RP     25 WSN     5  10  4.34  48  19   2   0  130.2  126   65   63  17   43  108  4.23  1.293   8.7   1.2   3.0   7.4
  Tobias Myers                 RP     26 MIL     1   2  3.55  22   6   8   0   50.2   54   21   20   5   15   38  3.93  1.362   9.6   0.9   2.7   6.8
  Freddy Peralta               SP     29 MIL    17   6   2.7  33  33   0   0  176.2  124   54   53  21   66  204  3.65  1.075   6.3   1.1   3.4  10.4
  Quinn Priester               SP     24 MIL    13   3  3.32  29  24   2   0  157.1  145   62   58  18   50  132  4.01  1.239   8.3   1.0   2.9   7.6
  Cole Sands                   RP     27 MIN     4   6   4.5  69   3  18   3   72.0   65   41   36   7   19   64  3.58  1.167   8.1   0.9   2.4   8.0
  Jose UreĂ±a                  RP     33 5TM     0   1  4.58  19   6   8   1   55.0   57   29   28   8   23   34  5.21  1.455   9.3   1.3   3.8   5.6
  Will Warren                  SP     26 NYY     9   8  4.44  33  33   0   0  162.1  158   90   80  22   65  171  4.07  1.374   8.8   1.2   3.6   9.5

  -- Did Not Play --
  Alec Marsh                   SP     DNP

=== PMT ===

  -- Batters --
  Name                         Pos   Age Tm      G   AB   R   H  2B  3B  HR  RBI  SB  CS   BB   SO    BA   OBP   SLG   OPS Pos
  ----------------------------------------------------------------------------------------------------------------------------
  Will Benson                  RF     27 CIN    90  230  31  52   8   2  12   41   2   2   16   67 0.226 0.273 0.435 0.708 97H8/D
  Jake Burger                  1B     29 TEX   103  356  43  84  15   1  16   53   1   1   12   93 0.236 0.269 0.419 0.687 3DH
  Willi Castro                 2B     28 2TM   120  402  58  91  17   3  11   33  10   4   40  111 0.226 0.313 0.366 0.679 4975/86H1
  Ernie Clement                3B     29 TOR   157  545  83 151  35   2   9   50   6   5   27   61 0.277 0.313 0.398 0.711 5463H
  Jake Cronenworth             2B     31 SDP   135  419  61 103  20   1  11   59   3   3   69  107 0.246 0.367 0.377 0.744 *436/DH
  Elly De La Cruz              SS     23 CIN   162  629 102 166  31   7  22   86  37   8   67  181 0.264 0.336  0.44 0.777 *6/DH
  Elias Diaz                   C      34 SDP   106  255  34  52   7   0   9   29   0   0   21   74 0.204  0.27 0.337 0.607 2H
  Max Kepler                   LF     32 PHI   127  417  58  90  19   0  18   52   3   0   48   93 0.216   0.3 0.391 0.691 *79H/8
  Jake Mangum#                 LF     29 TBR   118  405  37 120  18   1   3   40  27   6   19   64 0.296  0.33 0.368 0.698 *789/HD
  Max Muncy                    3B     34 LAD   100  313  48  76  10   2  19   67   4   0   64   83 0.243 0.376  0.47 0.846 5H
  Edgar Quero#                 C      22 CHW   111  365  31  98  17   0   5   36   0   1   32   71 0.268 0.333 0.356 0.689 2DH
  Ben Rice                     1B     26 NYY   138  467  74 119  28   4  26   65   3   2   50  100 0.255 0.337 0.499 0.836 3D2H
  Carlos Santana               1B     39 2TM   124  415  49  91  11   0  11   54   7   0   52   91 0.219 0.308 0.325 0.633 3D/H5
  Chandler Simpson*            CF     24 TBR   109  414  53 122  15   3   0   26  44  12   20   43 0.295 0.326 0.345 0.671 87/HD9
  Josh Smith                   SS     27 TEX   144  495  70 124  23   2  10   35  12   3   55  100 0.251 0.335 0.366   0.7 653HD/7948
  Daulton Varsho               CF     28 TOR    71  248  43  59  13   2  20   55   2   0   17   77 0.238 0.284 0.548 0.833 8/HD
  Alex Verdugo                 LF     29 ATL    56  197  21  47  10   0   0   12   1   0   14   31 0.239 0.296 0.289 0.585 7/H
  Bobby Witt                   SS     25 KCR   157  623  99 184  47   6  23   88  38   9   49  125 0.295 0.351 0.501 0.852 *6/D
  Connor Wong                  C      29 BOS    63  168  16  32   8   0   0    7   2   1   16   42  0.19 0.262 0.238   0.5 2/H3D
  Masataka Yoshida             DH     31 BOS    55  188  16  50  11   0   4   26   3   0   10   24 0.266 0.307 0.388 0.696 D/H79
  Jacob Young                  CF     25 WSN   120  324  34  75  10   1   2   31  15  11   27   65 0.231 0.296 0.287 0.583 *8H/D

  -- Pitchers --
  Name                         Pos   Age Tm      W   L   ERA   G  GS  GF  SV     IP    H    R   ER  HR   BB   SO   FIP   WHIP    H9   HR9   BB9   SO9
  ---------------------------------------------------------------------------------------------------------------------------------------------------
  Max Fried                    SP     31 NYY    19   5  2.86  32  32   0   0  195.1  164   73   62  14   51  189  3.07  1.101   7.6   0.6   2.3   8.7
  Robert Garcia                RP     29 TEX     4   8  2.95  71   0  25   9   64.0   58   26   21   8   22   68  3.71   1.25   8.2   1.1   3.1   9.6
  Clay Holmes                  SP     32 NYM    12   8  3.53  33  31   0   0  165.2  150   74   65  14   66  129  4.11  1.304   8.1   0.8   3.6   7.0
  Pierce Johnson               RP     34 ATL     3   3  3.05  65   0  13   1   59.0   52   21   20   8   19   59  3.92  1.203   7.9   1.2   2.9   9.0
  Yusei Kikuchi                SP     34 LAA     7  11  3.99  33  33   0   0  178.1  180   87   79  24   74  174  4.23  1.424   9.1   1.2   3.7   8.8
  Jorge Lopez                  RP     32 WSN     6   0  6.57  26   0   5   1   24.2   25   18   18   1    7   17   3.5  1.297   9.1   0.4   2.6   6.2
  Emilio Pagan                 RP     34 CIN     2   4  2.88  70   0  56  32   68.2   41   26   22  10   22   81  3.72  0.917   5.4   1.3   2.9  10.6
  A.J. Puk                     RP     30 ARI     0   0  3.38   8   0   5   4    8.0    8    3    3   2    2   12  4.51   1.25   9.0   2.3   2.3  13.5
  David Robertson              RP     40 PHI     2   0  4.08  20   0   4   2   17.2   18    9    8   4    8   22  4.95  1.472   9.2   2.0   4.1  11.2
  Chris Sale                   SP     36 ATL     7   5  2.58  21  20   0   0  125.2  102   38   36  11   32  165  2.67  1.066   7.3   0.8   2.3  11.8
  Dennis Santana               RP     29 PIT     4   5  2.18  70   0  34  16   70.1   44   18   17   5   17   60  3.21  0.867   5.6   0.6   2.2   7.7
  Max Scherzer                 SP     40 TOR     5   5  5.19  17  17   0   0   85.0   87   49   49  19   23   82  4.99  1.294   9.2   2.0   2.4   8.7
  JP Sears                     SP     29 2TM     9  11  5.04  27  27   0   0  135.2  143   79   76  30   36  117  5.21  1.319   9.5   2.0   2.4   7.8
  Tarik Skubal                 SP     28 DET    13   6  2.21  31  31   0   0  195.1  141   55   48  18   33  241  2.45  0.891   6.5   0.8   1.5  11.1
  Robert Suarez                RP     34 SDP     4   6  2.97  70   0  56  40   69.2   47   24   23   6   16   75  2.88  0.904   6.1   0.8   2.1   9.7
  Jameson Taillon              SP     33 CHC    11   7  3.68  23  23   0   0  129.2  110   54   53  24   27   98  4.66  1.057   7.6   1.7   1.9   6.8
  Blake Treinen                RP     37 LAD     2   7   5.4  32   0   9   2   26.2   30   18   16   4   19   36  4.75  1.838  10.1   1.4   6.4  12.2
  Luke Weaver                  RP     31 NYY     4   4  3.62  64   0  17   8   64.2   46   28   26  10   20   72  3.89  1.021   6.4   1.4   2.8  10.0

=== RHJ ===

  -- Batters --
  Name                         Pos   Age Tm      G   AB   R   H  2B  3B  HR  RBI  SB  CS   BB   SO    BA   OBP   SLG   OPS Pos
  ----------------------------------------------------------------------------------------------------------------------------
  Luisangel Acuńa              2B     23 NYM    95  175  30  41   7   0   0    8  16   1   13   37 0.234 0.293 0.274 0.567 4H/658
  Kevin Alcántara              CF     22 CHC    10   11   2   4   0   0   0    1   1   0    1    4 0.364 0.417 0.364  0.78 /8H7D9
  Miguel Amaya                 C      26 CHC    28   96  14  27   9   0   4   25   0   0    4   22 0.281 0.314   0.5 0.814 2/DH
  Moisés Ballesteros*          DH     21 CHC    20   57  12  17   2   1   2   11   0   0    9   12 0.298 0.394 0.474 0.868 D/H32
  Jordan Beck                  LF     24 COL   148  539  62 139  27   5  16   53  19   8   43  174 0.258 0.317 0.416 0.732 *7H/D8
  Bo Bichette                  SS     27 TOR   139  582  78 181  44   1  18   94   4   3   40   91 0.311 0.357 0.483  0.84 *6/DH
  Xander Bogaerts              SS     32 SDP   136  491  63 129  30   0  11   53  20   2   48   94 0.263 0.328 0.391  0.72 *6/DH
  Alexander Canario            LF     25 PIT    87  216  25  47   6   1   6   20   3   1   17   80 0.218 0.274 0.338 0.611 789H/D
  Triston Casas                1B     25 BOS    29   99   5  18   3   0   3   11   0   0   11   27 0.182 0.277 0.303  0.58 3/H
  Brenton Doyle                CF     27 COL   138  502  57 118  23   2  15   57  18   2   30  138 0.235 0.276 0.378 0.655 *8/HD
  Mauricio Dubon               LF     30 HOU   133  369  43  89  21   0   7   33   3   0   24   42 0.241 0.289 0.355 0.644 74658H/39
  Caleb Durbin                 3B     25 MIL   136  445  60 114  25   0  11   53  18   6   30   50 0.256 0.334 0.387 0.721 *54H/6
  Bryce Harper                 1B     32 PHI   132  501  72 131  32   0  27   75  12   2   70  121 0.261 0.357 0.487 0.844 *3/D
  Shea Langeliers              C      27 ATH   123  481  73 133  32   0  31   72   7   1   36  103 0.277 0.325 0.536 0.861 2D/H
  Joey Loperfido               LF     26 TOR    41   96  12  32   4   0   4   14   1   2    4   27 0.333 0.379   0.5 0.879 7H/9
  Colson Montgomery*           SS     23 CHW    71  255  43  61   9   1  21   55   0   0   25   83 0.239 0.311 0.529  0.84 65/H
  Max Muncy                    3B     22 ATH    63  206  17  44   7   0   9   23   1   1   10   68 0.214 0.259 0.379 0.638 54/6H
  Kyle Schwarber               DH     32 PHI   162  604 111 145  23   2  56  132  10   2  108  197  0.24 0.365 0.563 0.928 *D/7
  Giancarlo Stanton            DH     35 NYY    77  249  36  68   8   0  24   66   0   0   29   96 0.273  0.35 0.594 0.944 D9H/7
  Seiya Suzuki                 DH     30 CHC   151  571  75 140  31   3  32  103   5   2   71  164 0.245 0.326 0.478 0.804 D97/H8
  Jordan Walker                RF     23 STL   111  363  40  78  13   1   6   41  10   3   29  126 0.215 0.278 0.306 0.584 9/HD

  -- Pitchers --
  Name                         Pos   Age Tm      W   L   ERA   G  GS  GF  SV     IP    H    R   ER  HR   BB   SO   FIP   WHIP    H9   HR9   BB9   SO9
  ---------------------------------------------------------------------------------------------------------------------------------------------------
  Chris Bassitt                SP     36 TOR    11   9  3.96  32  31   0   0  170.1  174   80   75  22   52  166  4.01  1.327   9.2   1.2   2.7   8.8
  Joe Boyle                    SP     25 TBR     1   4  4.67  13   9   0   0   52.0   43   33   27   6   28   58  4.19  1.365   7.4   1.0   4.8  10.0
  Slade Cecconi                SP     26 CLE     7   7   4.3  23  23   0   0  132.0  125   66   63  24   32  109  4.64  1.189   8.5   1.6   2.2   7.4
  Jacob deGrom                 SP     37 TEX    12   8  2.97  30  30   0   0  172.2  122   57   57  26   37  185  3.65  0.921   6.4   1.4   1.9   9.6
  Chase Dollander              SP     23 COL     2  12  6.52  21  21   0   0   98.0  103   76   71  18   49   82  5.53  1.551   9.5   1.7   4.5   7.5
  Nathan Eovaldi               SP     35 TEX    11   3  1.73  22  22   0   0  130.0   90   28   25  10   21  129   2.8  0.854   6.2   0.7   1.5   8.9
  Emerson Hancock              SP     26 SEA     4   5   4.9  22  16   2   0   90.0   93   51   49  15   31   64  5.08  1.378   9.3   1.5   3.1   6.4
  Ryan Helsley                 RP     30 2TM     3   4   4.5  58   0  36  21   56.0   61   32   28   8   25   63  4.14  1.536   9.8   1.3   4.0  10.1
  Logan Henderson              SP     23 MIL     3   0  1.78   5   5   0   0   25.1   17    5    5   3    8   33  3.02  0.987   6.0   1.1   2.8  11.7
  Jordan Hicks                 RP     28 2TM     2   7  6.95  34   9  10   2   67.1   80   56   52   6   32   58  4.35  1.663  10.7   0.8   4.3   7.8
  Stephen Kolek                SP     28 2TM     5   7  3.51  19  19   0   0  112.2   98   49   44   9   31   77  3.82  1.145   7.8   0.7   2.5   6.2
  Luis Ortiz                   SP     26 CLE     4   9  4.36  16  16   0   0   88.2   80   44   43  12   42   96  4.18  1.376   8.1   1.2   4.3   9.7
  Brady Singer                 SP     28 CIN    14  12  4.03  32  32   0   0  169.2  150   80   76  19   60  163  3.98  1.238   8.0   1.0   3.2   8.6
  Paul Skenes                  SP     23 PIT    10  10  1.97  32  32   0   0  187.2  136   45   41  11   42  216  2.36  0.948   6.5   0.5   2.0  10.4
  Justin Steele                SP     29 CHC     3   1  4.76   4   4   0   0   22.2   21   12   12   5    5   21  4.94  1.147   8.3   2.0   2.0   8.3
  Hayden Wesneski              SP     27 HOU     1   3   4.5   6   6   0   0   32.0   29   16   16   7    6   29  4.82  1.094   8.2   2.0   1.7   8.2
  Garrett Whitlock             RP     29 BOS     7   3  2.25  62   0   9   1   72.0   54   21   18   2   24   91  2.18  1.083   6.8   0.3   3.0  11.4

  -- Did Not Play --
  Kutter Crawford              SP     DNP
  DJ Herz                      SP     DNP
  Alek Manoah                  SP     DNP

=== VWB ===

  -- Batters --
  Name                         Pos   Age Tm      G   AB   R   H  2B  3B  HR  RBI  SB  CS   BB   SO    BA   OBP   SLG   OPS Pos
  ----------------------------------------------------------------------------------------------------------------------------
  Ronald Acuna Jr.             RF     27 ATL    95  338  74  98  12   1  21   42   9   1   71  102  0.29 0.417 0.518 0.935 9/DH
  Drake Baldwin*               C      24 ATL   124  405  56 111  18   2  19   80   0   0   38   68 0.274 0.341 0.469  0.81 2HD
  JJ Bleday                    CF     27 ATH    98  307  48  65  17   0  14   39   1   2   36   91 0.212 0.294 0.404 0.698 89H7/D
  Alec Bohm                    3B     28 PHI   120  464  53 133  18   3  11   59   2   0   29   82 0.287 0.331 0.409 0.741 53
  Oneil Cruz                   CF     26 PIT   135  471  62  94  18   3  20   61  38   5   64  174   0.2 0.298 0.378 0.676 *8H/D
  Travis d'Arnaud              C      36 LAA    69  213  16  42  13   0   6   21   0   0   13   74 0.197 0.255 0.343 0.598 2/HD
  Bryan De La Cruz             LF     28 ATL    16   47   1   9   1   0   0    0   1   0    3   18 0.191  0.24 0.213 0.453 7/H9D
  Tommy Edman                  2B     30 LAD    97  346  49  78  13   1  13   49   3   1   19   61 0.225 0.274 0.382 0.655 485/HD
  TJ Friedl                    CF     29 CIN   152  579  82 151  22   2  14   53  12   3   81  115 0.261 0.364 0.378 0.742 *8/DH
  Alejandro Kirk               C      26 TOR   130  451  45 127  18   0  15   76   1   0   48   59 0.282 0.348 0.421 0.769 *2H/D
  Korey Lee                    C      26 CHW    25   35  10   9   3   0   1    3   0   0    4    7 0.257 0.333 0.429 0.762 2H/D17
  Ángel Martínez#              CF     23 CLE   139  446  56 100  23   2  11   45   8   2   23  110 0.224 0.269 0.359 0.628 *84H/97
  Jake McCarthy                LF     27 ARI    67  206  18  42   7   5   4   20   6   0   10   40 0.204 0.247 0.345 0.591 789/HD
  Chase Meidroth               SS     23 CHW   122  450  54 114  15   0   5   23  14   4   45   72 0.253 0.329  0.32 0.649 64/H
  Zach Neto                    SS     24 LAA   128  502  82 129  29   1  26   62  26   9   33  149 0.257 0.319 0.474 0.793 *6/H
  Wenceel Pérez                RF     25 DET   100  344  47  84  17   4  13   43   8   3   31   87 0.244 0.308  0.43 0.738 98/H7D
  Luke Raley                   RF     30 SEA    73  183  23  37   8   0   4   19   2   1   19   64 0.202 0.319 0.311 0.631 93H/8D7
  Marcus Semien                2B     34 TEX   127  470  62 108  16   1  15   62  11   1   50   93  0.23 0.305 0.364 0.669 *4
  Spencer Steer                1B     27 CIN   146  509  66 121  21   2  21   75   7   1   51  129 0.238 0.312 0.411 0.723 *3D7/H9
  Sal Stewart                  1B     21 CIN    18   55  11  14   1   0   5    8   0   0    3   15 0.255 0.293 0.545 0.839 3/5H
  Trey Sweeney                 SS     25 DET   118  296  36  58   6   2   6   32   3   1   26   92 0.196 0.258 0.291 0.548 *6H
  Christian Walker             1B     34 HOU   154  585  72 139  24   1  27   88   2   1   40  177 0.238 0.297 0.421 0.717 *3/DH

  -- Pitchers --
  Name                         Pos   Age Tm      W   L   ERA   G  GS  GF  SV     IP    H    R   ER  HR   BB   SO   FIP   WHIP    H9   HR9   BB9   SO9
  ---------------------------------------------------------------------------------------------------------------------------------------------------
  Nestor Cortes                SP     30 2TM     2   4  6.29   8   8   0   0   34.1   36   24   24  13   20   29  8.29  1.631   9.4   3.4   5.2   7.6
  Zac Gallen                   SP     29 ARI    13  15  4.83  33  33   0   0  192.0  176  109  103  31   66  175  4.51   1.26   8.3   1.5   3.1   8.2
  MacKenzie Gore               SP     26 WSN     5  15  4.17  30  30   0   0  159.2  152   75   74  20   64  185  3.74  1.353   8.6   1.1   3.6  10.4
  Sonny Gray                   SP     35 STL    14   8  4.28  32  32   0   0  180.2  185   93   86  25   38  201  3.39  1.234   9.2   1.2   1.9  10.0
  Andrew Heaney                SP     34 2TM     5  10  5.52  27  23   0   0  122.1  129   77   75  25   40   86  5.59  1.381   9.5   1.8   2.9   6.3
  Ronny Henriquez              RP     25 MIA     7   1  2.22  69   0   9   7   73.0   53   23   18   8   27   98  3.15  1.096   6.5   1.0   3.3  12.1
  Grant Holmes                 SP     29 ATL     4   9  3.99  22  21   1   0  115.0  100   52   51  16   54  123   4.4  1.339   7.8   1.3   4.2   9.6
  Tyler Holton                 RP     29 DET     6   5  3.66  70   6   6   0   78.2   65   34   32  15   17   64  4.64  1.042   7.4   1.7   1.9   7.3
  Kyle Leahy                   RP     28 STL     4   2  3.07  62   1  12   1   88.0   80   32   30   5   28   80  3.05  1.227   8.2   0.5   2.9   8.2
  Jordan Leasure               RP     26 CHW     5   6  3.92  68   1  17   7   64.1   49   30   28  12   30   81  4.49  1.228   6.9   1.7   4.2  11.3
  Sean Manaea                  SP     33 NYM     2   4  5.64  15  12   2   0   60.2   62   38   38  13   12   75  4.39   1.22   9.2   1.9   1.8  11.1
  Justin Martinez              RP     23 ARI     1   2  4.11  17   0   9   5   15.1    7    8    7   1   12   22  4.05  1.239   4.1   0.6   7.0  12.9
  Nick Mears                   RP     28 MIL     5   3  3.49  63   0   4   1   56.2   42   25   22   7   13   46  3.86  0.971   6.7   1.1   2.1   7.3
  Bryce Miller                 SP     26 SEA     4   6  5.68  18  18   0   0   90.1   93   57   57  17   34   74  5.17  1.406   9.3   1.7   3.4   7.4
  Brandon Pfaadt               SP     26 ARI    13   9  5.25  33  33   0   0  176.2  198  107  103  26   37  147  4.22   1.33  10.1   1.3   1.9   7.5
  Logan Webb                   SP     28 SFG    15  11  3.22  34  34   0   0  207.0  210   82   74  14   46  224   2.6  1.237   9.1   0.6   2.0   9.7
  Justin Wrobleski             RP     24 LAD     5   5  4.32  24   2   9   2   66.2   65   34   32   6   17   76  2.93   1.23   8.8   0.8   2.3  10.3

=== ZMG ===

  -- Batters --
  Name                         Pos   Age Tm      G   AB   R   H  2B  3B  HR  RBI  SB  CS   BB   SO    BA   OBP   SLG   OPS Pos
  ----------------------------------------------------------------------------------------------------------------------------
  Willy Adames                 SS     29 SFG   160  591  94 133  22   2  30   87  12   4   80  179 0.225 0.318 0.421  0.74 *6/D
  Ozzie Albies                 2B     28 ATL   157  603  74 145  23   2  16   74  14   3   55   94  0.24 0.306 0.365 0.671 *4
  Nick Castellanos             RF     33 PHI   147  547  72 137  27   2  17   72   4   0   32  133  0.25 0.294   0.4 0.694 *9/DH
  Willson Contreras            1B     33 STL   135  490  70 126  31   1  20   80   5   1   44  142 0.257 0.344 0.447 0.791 *3D
  Dillon Dingler               C      26 DET   126  435  54 121  21   2  13   57   0   0   23  110 0.278 0.327 0.425 0.752 *2/HD
  Sal Frelick                  RF     25 MIL   142  528  76 152  20   3  12   63  19   6   47   80 0.288 0.351 0.405 0.756 *98/H35
  Riley Greene                 LF     24 DET   157  600  84 155  31   1  36  111   2   1   46  201 0.258 0.313 0.493 0.806 *7D8/H9
  Gunnar Henderson             SS     24 BAL   154  577  85 158  34   5  17   68  30   5   62  137 0.274 0.349 0.438 0.787 *6/DH
  Josh Jung                    3B     27 TEX   131  482  53 121  23   1  14   61   4   1   27  129 0.251 0.294  0.39 0.684 *5/DH
  Colt Keith                   DH     23 DET   137  414  65 106  22   2  13   45   1   1   48  102 0.256 0.333 0.413 0.746 D54H3
  Marcelo Mayer*               3B     22 BOS    44  127  20  29   8   1   4   10   0   2    8   41 0.228 0.272 0.402 0.674 5/4H6
  Mickey Moniak                RF     27 COL   135  434  62 117  20   8  24   68   9   3   22  110  0.27 0.306 0.518 0.824 *98H7D
  Amed Rosario                 3B     29 2TM    62  181  20  50  11   0   6   23   1   0    7   31 0.276 0.309 0.436 0.745 54H/9D16
  Victor Scott II              CF     24 STL   138  398  54  86  15   1   5   37  34   4   42  111 0.216 0.305 0.296 0.601 *8/97
  Will Smith                   C      30 LAD   110  362  64 107  20   1  17   61   2   3   64   89 0.296 0.404 0.497 0.901 2H/D
  Spencer Torkelson            1B     25 DET   155  563  82 135  27   1  31   78   2   1   72  169  0.24 0.333 0.456 0.789 *3D/H
  Ezequiel Tovar               SS     23 COL    95  360  44  91  18   4   9   33   5   3   21   98 0.253 0.294   0.4 0.694 6
  Christian Yelich             DH     33 MIL   150  573  88 151  21   0  29  103  16   6   64  167 0.264 0.343 0.452 0.795 *D7/H

  -- Pitchers --
  Name                         Pos   Age Tm      W   L   ERA   G  GS  GF  SV     IP    H    R   ER  HR   BB   SO   FIP   WHIP    H9   HR9   BB9   SO9
  ---------------------------------------------------------------------------------------------------------------------------------------------------
  Bryan Abreu                  RP     28 HOU     3   4  2.28  70   0  19   7   71.0   51   18   18   4   31  105  2.39  1.155   6.5   0.5   3.9  13.3
  Eduard Bazardo               RP     29 SEA     5   0  2.52  73   0  18   0   78.2   53   23   22   9   27   82  3.64  1.017   6.1   1.0   3.1   9.4
  Shane Bieber                 SP     30 TOR     4   2  3.57   7   7   0   0   40.1   34   16   16   8    7   37  4.47  1.017   7.6   1.8   1.6   8.3
  Sean Burke                   SP     25 CHW     4  11  4.29  28  22   0   0  134.1  132   76   64  23   63  133  4.92  1.452   8.8   1.5   4.2   8.9
  Kyle Finnegan                RP     33 2TM     4   4  3.47  56   0  38  24   57.0   45   24   22   4   18   55  3.12  1.105   7.1   0.6   2.8   8.7
  Jack Flaherty                SP     29 DET     8  15  4.64  31  31   0   0  161.0  147   85   83  23   59  188  3.85   1.28   8.2   1.3   3.3  10.5
  Lucas Giolito                SP     30 BOS    10   4  3.41  26  26   0   0  145.0  131   62   55  17   56  121  4.17   1.29   8.1   1.1   3.5   7.5
  Michael King                 SP     30 SDP     5   3  3.44  15  15   0   0   73.1   62   31   28  12   26   76  4.42    1.2   7.6   1.5   3.2   9.3
  Jared Koenig                 RP     31 MIL     6   1  2.86  72   0   8   2   66.0   57   21   21   6   20   68  3.35  1.167   7.8   0.8   2.7   9.3
  Phil Maton                   RP     32 2TM     4   5  2.79  63   0  22   5   61.1   42   21   19   3   23   81   2.6   1.06   6.2   0.4   3.4  11.9
  Max Meyer                    SP     26 MIA     3   5  4.73  12  12   0   0   64.2   72   39   34  12   20   68  4.47  1.423  10.0   1.7   2.8   9.5
  Jacob Misiorowski            SP     23 MIL     5   3  4.36  15  14   0   0   66.0   51   34   32   8   31   87  3.62  1.242   7.0   1.1   4.2  11.9
  Eury Pérez                   SP     22 MIA     7   6  4.25  20  20   0   0   95.1   68   47   45  12   32  105  3.67  1.049   6.4   1.1   3.0   9.9
  Ryan Pressly                 RP     36 CHC     2   3  4.35  44   0  17   5   41.1   46   24   20   6   17   28  5.05  1.524  10.0   1.3   3.7   6.1
  Clarke Schmidt               SP     29 NYY     4   4  3.32  14  14   0   0   78.2   56   29   29   9   30   73  3.95  1.093   6.4   1.0   3.4   8.4
  Emmet Sheehan                SP     25 LAD     6   3  2.82  15  12   0   0   73.1   49   29   23   7   22   89  2.93  0.968   6.0   0.9   2.7  10.9
  Spencer Strider              SP     26 ATL     7  14  4.45  23  23   0   0  125.1  124   63   62  20   51  131  4.53  1.396   8.9   1.4   3.7   9.4
  Grant Taylor                 RP     23 CHW     2   4  4.91  36   2  10   6   36.2   37   20   20   0   15   54  1.42  1.418   9.1   0.0   3.7  13.3
  Abner Uribe                  RP     25 MIL     3   2  1.67  75   0  15   7   75.1   51   18   14   4   27   90  2.75  1.035   6.1   0.5   3.2  10.8
  Michael Wacha                SP     33 KCR    10  13  3.86  31  31   0   0  172.2  166   74   74  15   45  126  3.66  1.222   8.7   0.8   2.3   6.6

  -- Did Not Play --
  Jared Jones                  SP     DNP

